TABLE NO.  1
 TIME        CAT         DOSE        CP          IPRED       W
  0.0000E+00  1.0000E+00  3.2000E+02  0.0000E+00  0.0000E+00  1.0000E+00
  1.0000E-01  3.0000E+00  0.0000E+00  3.0000E+00  9.0317E-01  1.0000E+10
  2.7000E-01  2.0000E+00  0.0000E+00  1.7100E+00  2.2273E+00  1.0000E+00
  2.7000E-01  2.0000E+00  0.0000E+00  1.7100E+00  2.2273E+00  1.0000E+00
  1.9200E+00  2.0000E+00  0.0000E+00  8.3300E+00  7.2217E+00  1.0000E+00
  3.5000E+00  2.0000E+00  0.0000E+00  6.8500E+00  7.1553E+00  1.0000E+00
  3.5000E+00  2.0000E+00  0.0000E+00  6.8500E+00  7.1553E+00  1.0000E+00
  3.5000E+00  2.0000E+00  0.0000E+00  6.8500E+00  7.1553E+00  1.0000E+00
  5.0200E+00  2.0000E+00  0.0000E+00  6.0800E+00  6.3131E+00  1.0000E+00
  7.0300E+00  2.0000E+00  0.0000E+00  5.4000E+00  5.1594E+00  1.0000E+00
  7.0300E+00  2.0000E+00  0.0000E+00  5.4000E+00  5.1594E+00  1.0000E+00
  1.2000E+01  2.0000E+00  0.0000E+00  3.0100E+00  3.0612E+00  1.0000E+00
TABLE NO.  1
 TIME        CAT         DOSE        CP          IPRED       W
  0.0000E+00  1.0000E+00  3.2000E+02  0.0000E+00  0.0000E+00  1.0000E+00
  1.0000E-01  3.0000E+00  0.0000E+00  3.0000E+00  9.1779E-01  1.0000E+10
  2.7000E-01  2.0000E+00  0.0000E+00  1.7100E+00  2.2612E+00  1.0000E+00
  2.7000E-01  2.0000E+00  0.0000E+00  1.7100E+00  2.2612E+00  1.0000E+00
  1.9200E+00  2.0000E+00  0.0000E+00  8.3300E+00  7.2961E+00  1.0000E+00
  3.5000E+00  2.0000E+00  0.0000E+00  6.8500E+00  7.2429E+00  1.0000E+00
  5.0200E+00  2.0000E+00  0.0000E+00  6.0800E+00  6.4240E+00  1.0000E+00
  5.0200E+00  2.0000E+00  0.0000E+00  6.0800E+00  6.4240E+00  1.0000E+00
  7.0300E+00  2.0000E+00  0.0000E+00  5.4000E+00  5.2981E+00  1.0000E+00
  9.0000E+00  2.0000E+00  0.0000E+00  4.5500E+00  4.3536E+00  1.0000E+00
  9.0000E+00  2.0000E+00  0.0000E+00  4.5500E+00  4.3536E+00  1.0000E+00
  2.4300E+01  2.0000E+00  0.0000E+00  9.0000E-01  9.3720E-01  1.0000E+00
TABLE NO.  1
 TIME        CAT         DOSE        CP          IPRED       W
  0.0000E+00  1.0000E+00  3.2000E+02  0.0000E+00  0.0000E+00  1.0000E+00
  1.0000E-01  3.0000E+00  0.0000E+00  3.0000E+00  2.0906E+00  1.0000E+10
  2.7000E-01  2.0000E+00  0.0000E+00  1.7100E+00  4.6829E+00  1.0000E+00
  5.2000E-01  2.0000E+00  0.0000E+00  7.9100E+00  6.9853E+00  1.0000E+00
  5.2000E-01  2.0000E+00  0.0000E+00  7.9100E+00  6.9853E+00  1.0000E+00
  5.2000E-01  2.0000E+00  0.0000E+00  7.9100E+00  6.9853E+00  1.0000E+00
  1.9200E+00  2.0000E+00  0.0000E+00  8.3300E+00  8.8250E+00  1.0000E+00
  5.0200E+00  2.0000E+00  0.0000E+00  6.0800E+00  6.3916E+00  1.0000E+00
  5.0200E+00  2.0000E+00  0.0000E+00  6.0800E+00  6.3916E+00  1.0000E+00
  7.0300E+00  2.0000E+00  0.0000E+00  5.4000E+00  5.1273E+00  1.0000E+00
  7.0300E+00  2.0000E+00  0.0000E+00  5.4000E+00  5.1273E+00  1.0000E+00
  2.4300E+01  2.0000E+00  0.0000E+00  9.0000E-01  7.7162E-01  1.0000E+00
TABLE NO.  1
 TIME        CAT         DOSE        CP          IPRED       W
  0.0000E+00  1.0000E+00  3.2000E+02  0.0000E+00  0.0000E+00  1.0000E+00
  1.0000E-01  3.0000E+00  0.0000E+00  3.0000E+00  2.5288E+00  1.0000E+10
  1.0000E+00  2.0000E+00  0.0000E+00  8.3100E+00  8.3632E+00  1.0000E+00
  1.9200E+00  2.0000E+00  0.0000E+00  8.3300E+00  8.0643E+00  1.0000E+00
  1.9200E+00  2.0000E+00  0.0000E+00  8.3300E+00  8.0643E+00  1.0000E+00
  3.5000E+00  2.0000E+00  0.0000E+00  6.8500E+00  7.0532E+00  1.0000E+00
  3.5000E+00  2.0000E+00  0.0000E+00  6.8500E+00  7.0532E+00  1.0000E+00
  3.5000E+00  2.0000E+00  0.0000E+00  6.8500E+00  7.0532E+00  1.0000E+00
  5.0200E+00  2.0000E+00  0.0000E+00  6.0800E+00  6.1854E+00  1.0000E+00
  5.0200E+00  2.0000E+00  0.0000E+00  6.0800E+00  6.1854E+00  1.0000E+00
  7.0300E+00  2.0000E+00  0.0000E+00  5.4000E+00  5.1995E+00  1.0000E+00
  9.0000E+00  2.0000E+00  0.0000E+00  4.5500E+00  4.3858E+00  1.0000E+00
TABLE NO.  1
 TIME        CAT         DOSE        CP          IPRED       W
  0.0000E+00  1.0000E+00  3.2000E+02  0.0000E+00  0.0000E+00  1.0000E+00
  1.0000E-01  3.0000E+00  0.0000E+00  3.0000E+00  1.6849E+00  1.0000E+10
  2.7000E-01  2.0000E+00  0.0000E+00  1.7100E+00  3.9227E+00  1.0000E+00
  2.7000E-01  2.0000E+00  0.0000E+00  1.7100E+00  3.9227E+00  1.0000E+00
  5.2000E-01  2.0000E+00  0.0000E+00  7.9100E+00  6.1381E+00  1.0000E+00
  5.2000E-01  2.0000E+00  0.0000E+00  7.9100E+00  6.1381E+00  1.0000E+00
  1.0000E+00  2.0000E+00  0.0000E+00  8.3100E+00  8.1894E+00  1.0000E+00
  1.9200E+00  2.0000E+00  0.0000E+00  8.3300E+00  8.7015E+00  1.0000E+00
  3.5000E+00  2.0000E+00  0.0000E+00  6.8500E+00  7.3425E+00  1.0000E+00
  5.0200E+00  2.0000E+00  0.0000E+00  6.0800E+00  5.9741E+00  1.0000E+00
  5.0200E+00  2.0000E+00  0.0000E+00  6.0800E+00  5.9741E+00  1.0000E+00
  2.4300E+01  2.0000E+00  0.0000E+00  9.0000E-01  4.1454E-01  1.0000E+00
TABLE NO.  1
 TIME        CAT         DOSE        CP          IPRED       W
  0.0000E+00  1.0000E+00  3.2000E+02  0.0000E+00  0.0000E+00  1.0000E+00
  1.0000E-01  3.0000E+00  0.0000E+00  3.0000E+00  2.8903E+00  1.0000E+10
  5.2000E-01  2.0000E+00  0.0000E+00  7.9100E+00  7.9123E+00  1.0000E+00
  5.2000E-01  2.0000E+00  0.0000E+00  7.9100E+00  7.9123E+00  1.0000E+00
  1.9200E+00  2.0000E+00  0.0000E+00  8.3300E+00  8.2722E+00  1.0000E+00
  1.9200E+00  2.0000E+00  0.0000E+00  8.3300E+00  8.2722E+00  1.0000E+00
  1.9200E+00  2.0000E+00  0.0000E+00  8.3300E+00  8.2722E+00  1.0000E+00
  3.5000E+00  2.0000E+00  0.0000E+00  6.8500E+00  7.1187E+00  1.0000E+00
  5.0200E+00  2.0000E+00  0.0000E+00  6.0800E+00  6.1535E+00  1.0000E+00
  9.0000E+00  2.0000E+00  0.0000E+00  4.5500E+00  4.2017E+00  1.0000E+00
  1.2000E+01  2.0000E+00  0.0000E+00  3.0100E+00  3.1516E+00  1.0000E+00
  2.4300E+01  2.0000E+00  0.0000E+00  9.0000E-01  9.6933E-01  1.0000E+00
TABLE NO.  1
 TIME        CAT         DOSE        CP          IPRED       W
  0.0000E+00  1.0000E+00  3.2000E+02  0.0000E+00  0.0000E+00  1.0000E+00
  1.0000E-01  3.0000E+00  0.0000E+00  3.0000E+00  1.7153E+00  1.0000E+10
  2.7000E-01  2.0000E+00  0.0000E+00  1.7100E+00  3.9366E+00  1.0000E+00
  5.2000E-01  2.0000E+00  0.0000E+00  7.9100E+00  6.0534E+00  1.0000E+00
  1.9200E+00  2.0000E+00  0.0000E+00  8.3300E+00  8.3043E+00  1.0000E+00
  1.9200E+00  2.0000E+00  0.0000E+00  8.3300E+00  8.3043E+00  1.0000E+00
  3.5000E+00  2.0000E+00  0.0000E+00  6.8500E+00  7.2213E+00  1.0000E+00
  5.0200E+00  2.0000E+00  0.0000E+00  6.0800E+00  6.1413E+00  1.0000E+00
  5.0200E+00  2.0000E+00  0.0000E+00  6.0800E+00  6.1413E+00  1.0000E+00
  1.2000E+01  2.0000E+00  0.0000E+00  3.0100E+00  2.8957E+00  1.0000E+00
  2.4300E+01  2.0000E+00  0.0000E+00  9.0000E-01  7.6966E-01  1.0000E+00
  2.4300E+01  2.0000E+00  0.0000E+00  9.0000E-01  7.6966E-01  1.0000E+00
TABLE NO.  1
 TIME        CAT         DOSE        CP          IPRED       W
  0.0000E+00  1.0000E+00  3.2000E+02  0.0000E+00  0.0000E+00  1.0000E+00
  1.0000E-01  3.0000E+00  0.0000E+00  3.0000E+00  2.6384E+00  1.0000E+10
  1.9200E+00  2.0000E+00  0.0000E+00  8.3300E+00  8.3300E+00  1.0000E+00
  1.9200E+00  2.0000E+00  0.0000E+00  8.3300E+00  8.3300E+00  1.0000E+00
  5.0200E+00  2.0000E+00  0.0000E+00  6.0800E+00  6.3581E+00  1.0000E+00
  7.0300E+00  2.0000E+00  0.0000E+00  5.4000E+00  5.3281E+00  1.0000E+00
  7.0300E+00  2.0000E+00  0.0000E+00  5.4000E+00  5.3281E+00  1.0000E+00
  7.0300E+00  2.0000E+00  0.0000E+00  5.4000E+00  5.3281E+00  1.0000E+00
  9.0000E+00  2.0000E+00  0.0000E+00  4.5500E+00  4.4808E+00  1.0000E+00
  9.0000E+00  2.0000E+00  0.0000E+00  4.5500E+00  4.4808E+00  1.0000E+00
  9.0000E+00  2.0000E+00  0.0000E+00  4.5500E+00  4.4808E+00  1.0000E+00
  2.4300E+01  2.0000E+00  0.0000E+00  9.0000E-01  1.1672E+00  1.0000E+00
TABLE NO.  1
 TIME        CAT         DOSE        CP          IPRED       W
  0.0000E+00  1.0000E+00  3.2000E+02  0.0000E+00  0.0000E+00  1.0000E+00
  1.0000E-01  3.0000E+00  0.0000E+00  3.0000E+00  1.3930E+00  1.0000E+10
  2.7000E-01  2.0000E+00  0.0000E+00  1.7100E+00  3.3132E+00  1.0000E+00
  2.7000E-01  2.0000E+00  0.0000E+00  1.7100E+00  3.3132E+00  1.0000E+00
  1.0000E+00  2.0000E+00  0.0000E+00  8.3100E+00  7.4511E+00  1.0000E+00
  1.0000E+00  2.0000E+00  0.0000E+00  8.3100E+00  7.4511E+00  1.0000E+00
  1.0000E+00  2.0000E+00  0.0000E+00  8.3100E+00  7.4511E+00  1.0000E+00
  3.5000E+00  2.0000E+00  0.0000E+00  6.8500E+00  7.4961E+00  1.0000E+00
  3.5000E+00  2.0000E+00  0.0000E+00  6.8500E+00  7.4961E+00  1.0000E+00
  1.2000E+01  2.0000E+00  0.0000E+00  3.0100E+00  2.7295E+00  1.0000E+00
  2.4300E+01  2.0000E+00  0.0000E+00  9.0000E-01  6.2313E-01  1.0000E+00
  2.4300E+01  2.0000E+00  0.0000E+00  9.0000E-01  6.2313E-01  1.0000E+00
TABLE NO.  1
 TIME        CAT         DOSE        CP          IPRED       W
  0.0000E+00  1.0000E+00  3.2000E+02  0.0000E+00  0.0000E+00  1.0000E+00
  1.0000E-01  3.0000E+00  0.0000E+00  3.0000E+00  1.7797E+00  1.0000E+10
  2.7000E-01  2.0000E+00  0.0000E+00  1.7100E+00  4.0477E+00  1.0000E+00
  5.2000E-01  2.0000E+00  0.0000E+00  7.9100E+00  6.1565E+00  1.0000E+00
  1.0000E+00  2.0000E+00  0.0000E+00  8.3100E+00  7.9220E+00  1.0000E+00
  3.5000E+00  2.0000E+00  0.0000E+00  6.8500E+00  7.2725E+00  1.0000E+00
  3.5000E+00  2.0000E+00  0.0000E+00  6.8500E+00  7.2725E+00  1.0000E+00
  5.0200E+00  2.0000E+00  0.0000E+00  6.0800E+00  6.2955E+00  1.0000E+00
  7.0300E+00  2.0000E+00  0.0000E+00  5.4000E+00  5.1951E+00  1.0000E+00
  7.0300E+00  2.0000E+00  0.0000E+00  5.4000E+00  5.1951E+00  1.0000E+00
  9.0000E+00  2.0000E+00  0.0000E+00  4.5500E+00  4.3032E+00  1.0000E+00
  2.4300E+01  2.0000E+00  0.0000E+00  9.0000E-01  9.9653E-01  1.0000E+00
TABLE NO.  1
 TIME        CAT         DOSE        CP          IPRED       W
  0.0000E+00  1.0000E+00  3.2000E+02  0.0000E+00  0.0000E+00  1.0000E+00
  1.0000E-01  3.0000E+00  0.0000E+00  3.0000E+00  2.9138E+00  1.0000E+10
  5.2000E-01  2.0000E+00  0.0000E+00  7.9100E+00  7.8227E+00  1.0000E+00
  5.2000E-01  2.0000E+00  0.0000E+00  7.9100E+00  7.8227E+00  1.0000E+00
  1.0000E+00  2.0000E+00  0.0000E+00  8.3100E+00  8.5941E+00  1.0000E+00
  1.0000E+00  2.0000E+00  0.0000E+00  8.3100E+00  8.5941E+00  1.0000E+00
  1.9200E+00  2.0000E+00  0.0000E+00  8.3300E+00  8.1149E+00  1.0000E+00
  1.9200E+00  2.0000E+00  0.0000E+00  8.3300E+00  8.1149E+00  1.0000E+00
  5.0200E+00  2.0000E+00  0.0000E+00  6.0800E+00  6.1327E+00  1.0000E+00
  5.0200E+00  2.0000E+00  0.0000E+00  6.0800E+00  6.1327E+00  1.0000E+00
  7.0300E+00  2.0000E+00  0.0000E+00  5.4000E+00  5.1111E+00  1.0000E+00
  1.2000E+01  2.0000E+00  0.0000E+00  3.0100E+00  3.2573E+00  1.0000E+00
TABLE NO.  1
 TIME        CAT         DOSE        CP          IPRED       W
  0.0000E+00  1.0000E+00  3.2000E+02  0.0000E+00  0.0000E+00  1.0000E+00
  1.0000E-01  3.0000E+00  0.0000E+00  3.0000E+00  3.1782E+00  1.0000E+10
  5.2000E-01  2.0000E+00  0.0000E+00  7.9100E+00  7.8918E+00  1.0000E+00
  1.0000E+00  2.0000E+00  0.0000E+00  8.3100E+00  8.4016E+00  1.0000E+00
  1.9200E+00  2.0000E+00  0.0000E+00  8.3300E+00  7.9082E+00  1.0000E+00
  3.5000E+00  2.0000E+00  0.0000E+00  6.8500E+00  6.9604E+00  1.0000E+00
  3.5000E+00  2.0000E+00  0.0000E+00  6.8500E+00  6.9604E+00  1.0000E+00
  3.5000E+00  2.0000E+00  0.0000E+00  6.8500E+00  6.9604E+00  1.0000E+00
  3.5000E+00  2.0000E+00  0.0000E+00  6.8500E+00  6.9604E+00  1.0000E+00
  5.0200E+00  2.0000E+00  0.0000E+00  6.0800E+00  6.1543E+00  1.0000E+00
  9.0000E+00  2.0000E+00  0.0000E+00  4.5500E+00  4.4587E+00  1.0000E+00
  9.0000E+00  2.0000E+00  0.0000E+00  4.5500E+00  4.4587E+00  1.0000E+00
TABLE NO.  1
 TIME        CAT         DOSE        CP          IPRED       W
  0.0000E+00  1.0000E+00  3.2000E+02  0.0000E+00  0.0000E+00  1.0000E+00
  1.0000E-01  3.0000E+00  0.0000E+00  3.0000E+00  1.7710E+00  1.0000E+10
  2.7000E-01  2.0000E+00  0.0000E+00  1.7100E+00  4.0410E+00  1.0000E+00
  5.2000E-01  2.0000E+00  0.0000E+00  7.9100E+00  6.1685E+00  1.0000E+00
  1.0000E+00  2.0000E+00  0.0000E+00  8.3100E+00  7.9653E+00  1.0000E+00
  3.5000E+00  2.0000E+00  0.0000E+00  6.8500E+00  7.1778E+00  1.0000E+00
  3.5000E+00  2.0000E+00  0.0000E+00  6.8500E+00  7.1778E+00  1.0000E+00
  5.0200E+00  2.0000E+00  0.0000E+00  6.0800E+00  6.1006E+00  1.0000E+00
  5.0200E+00  2.0000E+00  0.0000E+00  6.0800E+00  6.1006E+00  1.0000E+00
  1.2000E+01  2.0000E+00  0.0000E+00  3.0100E+00  2.8737E+00  1.0000E+00
  1.2000E+01  2.0000E+00  0.0000E+00  3.0100E+00  2.8737E+00  1.0000E+00
  2.4300E+01  2.0000E+00  0.0000E+00  9.0000E-01  7.6257E-01  1.0000E+00
TABLE NO.  1
 TIME        CAT         DOSE        CP          IPRED       W
  0.0000E+00  1.0000E+00  3.2000E+02  0.0000E+00  0.0000E+00  1.0000E+00
  1.0000E-01  3.0000E+00  0.0000E+00  3.0000E+00  1.7568E+00  1.0000E+10
  2.7000E-01  2.0000E+00  0.0000E+00  1.7100E+00  4.0195E+00  1.0000E+00
  5.2000E-01  2.0000E+00  0.0000E+00  7.9100E+00  6.1578E+00  1.0000E+00
  1.0000E+00  2.0000E+00  0.0000E+00  8.3100E+00  7.9966E+00  1.0000E+00
  1.9200E+00  2.0000E+00  0.0000E+00  8.3300E+00  8.3850E+00  1.0000E+00
  1.9200E+00  2.0000E+00  0.0000E+00  8.3300E+00  8.3850E+00  1.0000E+00
  3.5000E+00  2.0000E+00  0.0000E+00  6.8500E+00  7.3229E+00  1.0000E+00
  5.0200E+00  2.0000E+00  0.0000E+00  6.0800E+00  6.2684E+00  1.0000E+00
  9.0000E+00  2.0000E+00  0.0000E+00  4.5500E+00  4.1562E+00  1.0000E+00
  1.2000E+01  2.0000E+00  0.0000E+00  3.0100E+00  3.0490E+00  1.0000E+00
  2.4300E+01  2.0000E+00  0.0000E+00  9.0000E-01  8.5611E-01  1.0000E+00
TABLE NO.  1
 TIME        CAT         DOSE        CP          IPRED       W
  0.0000E+00  1.0000E+00  3.2000E+02  0.0000E+00  0.0000E+00  1.0000E+00
  1.0000E-01  3.0000E+00  0.0000E+00  3.0000E+00  3.0175E+00  1.0000E+10
  5.2000E-01  2.0000E+00  0.0000E+00  7.9100E+00  7.8771E+00  1.0000E+00
  5.2000E-01  2.0000E+00  0.0000E+00  7.9100E+00  7.8771E+00  1.0000E+00
  1.0000E+00  2.0000E+00  0.0000E+00  8.3100E+00  8.5612E+00  1.0000E+00
  1.9200E+00  2.0000E+00  0.0000E+00  8.3300E+00  8.1008E+00  1.0000E+00
  1.9200E+00  2.0000E+00  0.0000E+00  8.3300E+00  8.1008E+00  1.0000E+00
  3.5000E+00  2.0000E+00  0.0000E+00  6.8500E+00  7.1147E+00  1.0000E+00
  5.0200E+00  2.0000E+00  0.0000E+00  6.0800E+00  6.2758E+00  1.0000E+00
  7.0300E+00  2.0000E+00  0.0000E+00  5.4000E+00  5.3165E+00  1.0000E+00
  7.0300E+00  2.0000E+00  0.0000E+00  5.4000E+00  5.3165E+00  1.0000E+00
  9.0000E+00  2.0000E+00  0.0000E+00  4.5500E+00  4.5187E+00  1.0000E+00
TABLE NO.  1
 TIME        CAT         DOSE        CP          IPRED       W
  0.0000E+00  1.0000E+00  3.2000E+02  0.0000E+00  0.0000E+00  1.0000E+00
  1.0000E-01  3.0000E+00  0.0000E+00  3.0000E+00  1.1906E+00  1.0000E+10
  2.7000E-01  2.0000E+00  0.0000E+00  1.7100E+00  2.8736E+00  1.0000E+00
  2.7000E-01  2.0000E+00  0.0000E+00  1.7100E+00  2.8736E+00  1.0000E+00
  1.0000E+00  2.0000E+00  0.0000E+00  8.3100E+00  6.8099E+00  1.0000E+00
  1.9200E+00  2.0000E+00  0.0000E+00  8.3300E+00  8.0358E+00  1.0000E+00
  3.5000E+00  2.0000E+00  0.0000E+00  6.8500E+00  7.4657E+00  1.0000E+00
  5.0200E+00  2.0000E+00  0.0000E+00  6.0800E+00  6.4135E+00  1.0000E+00
  5.0200E+00  2.0000E+00  0.0000E+00  6.0800E+00  6.4135E+00  1.0000E+00
  7.0300E+00  2.0000E+00  0.0000E+00  5.4000E+00  5.1555E+00  1.0000E+00
  9.0000E+00  2.0000E+00  0.0000E+00  4.5500E+00  4.1514E+00  1.0000E+00
  1.2000E+01  2.0000E+00  0.0000E+00  3.0100E+00  2.9837E+00  1.0000E+00
TABLE NO.  1
 TIME        CAT         DOSE        CP          IPRED       W
  0.0000E+00  1.0000E+00  3.2000E+02  0.0000E+00  0.0000E+00  1.0000E+00
  1.0000E-01  3.0000E+00  0.0000E+00  3.0000E+00  2.9231E+00  1.0000E+10
  5.2000E-01  2.0000E+00  0.0000E+00  7.9100E+00  7.9176E+00  1.0000E+00
  1.9200E+00  2.0000E+00  0.0000E+00  8.3300E+00  8.1625E+00  1.0000E+00
  1.9200E+00  2.0000E+00  0.0000E+00  8.3300E+00  8.1625E+00  1.0000E+00
  3.5000E+00  2.0000E+00  0.0000E+00  6.8500E+00  6.9582E+00  1.0000E+00
  3.5000E+00  2.0000E+00  0.0000E+00  6.8500E+00  6.9582E+00  1.0000E+00
  3.5000E+00  2.0000E+00  0.0000E+00  6.8500E+00  6.9582E+00  1.0000E+00
  3.5000E+00  2.0000E+00  0.0000E+00  6.8500E+00  6.9582E+00  1.0000E+00
  1.2000E+01  2.0000E+00  0.0000E+00  3.0100E+00  2.9302E+00  1.0000E+00
  2.4300E+01  2.0000E+00  0.0000E+00  9.0000E-01  8.3825E-01  1.0000E+00
  2.4300E+01  2.0000E+00  0.0000E+00  9.0000E-01  8.3825E-01  1.0000E+00
TABLE NO.  1
 TIME        CAT         DOSE        CP          IPRED       W
  0.0000E+00  1.0000E+00  3.2000E+02  0.0000E+00  0.0000E+00  1.0000E+00
  1.0000E-01  3.0000E+00  0.0000E+00  3.0000E+00  2.8306E+00  1.0000E+10
  5.2000E-01  2.0000E+00  0.0000E+00  7.9100E+00  7.7869E+00  1.0000E+00
  1.0000E+00  2.0000E+00  0.0000E+00  8.3100E+00  8.6587E+00  1.0000E+00
  7.0300E+00  2.0000E+00  0.0000E+00  5.4000E+00  5.1716E+00  1.0000E+00
  7.0300E+00  2.0000E+00  0.0000E+00  5.4000E+00  5.1716E+00  1.0000E+00
  9.0000E+00  2.0000E+00  0.0000E+00  4.5500E+00  4.3243E+00  1.0000E+00
  9.0000E+00  2.0000E+00  0.0000E+00  4.5500E+00  4.3243E+00  1.0000E+00
  1.2000E+01  2.0000E+00  0.0000E+00  3.0100E+00  3.2928E+00  1.0000E+00
  1.2000E+01  2.0000E+00  0.0000E+00  3.0100E+00  3.2928E+00  1.0000E+00
  2.4300E+01  2.0000E+00  0.0000E+00  9.0000E-01  1.0774E+00  1.0000E+00
  2.4300E+01  2.0000E+00  0.0000E+00  9.0000E-01  1.0774E+00  1.0000E+00
TABLE NO.  1
 TIME        CAT         DOSE        CP          IPRED       W
  0.0000E+00  1.0000E+00  3.2000E+02  0.0000E+00  0.0000E+00  1.0000E+00
  1.0000E-01  3.0000E+00  0.0000E+00  3.0000E+00  8.6810E-01  1.0000E+10
  2.7000E-01  2.0000E+00  0.0000E+00  1.7100E+00  2.1741E+00  1.0000E+00
  2.7000E-01  2.0000E+00  0.0000E+00  1.7100E+00  2.1741E+00  1.0000E+00
  1.9200E+00  2.0000E+00  0.0000E+00  8.3300E+00  7.8408E+00  1.0000E+00
  7.0300E+00  2.0000E+00  0.0000E+00  5.4000E+00  5.7115E+00  1.0000E+00
  1.2000E+01  2.0000E+00  0.0000E+00  3.0100E+00  3.0685E+00  1.0000E+00
  1.2000E+01  2.0000E+00  0.0000E+00  3.0100E+00  3.0685E+00  1.0000E+00
  1.2000E+01  2.0000E+00  0.0000E+00  3.0100E+00  3.0685E+00  1.0000E+00
  2.4300E+01  2.0000E+00  0.0000E+00  9.0000E-01  6.4276E-01  1.0000E+00
  2.4300E+01  2.0000E+00  0.0000E+00  9.0000E-01  6.4276E-01  1.0000E+00
  2.4300E+01  2.0000E+00  0.0000E+00  9.0000E-01  6.4276E-01  1.0000E+00
TABLE NO.  1
 TIME        CAT         DOSE        CP          IPRED       W
  0.0000E+00  1.0000E+00  3.2000E+02  0.0000E+00  0.0000E+00  1.0000E+00
  1.0000E-01  3.0000E+00  0.0000E+00  3.0000E+00  3.0281E+00  1.0000E+10
  5.2000E-01  2.0000E+00  0.0000E+00  7.9100E+00  7.9101E+00  1.0000E+00
  5.2000E-01  2.0000E+00  0.0000E+00  7.9100E+00  7.9101E+00  1.0000E+00
  3.5000E+00  2.0000E+00  0.0000E+00  6.8500E+00  6.9342E+00  1.0000E+00
  3.5000E+00  2.0000E+00  0.0000E+00  6.8500E+00  6.9342E+00  1.0000E+00
  5.0200E+00  2.0000E+00  0.0000E+00  6.0800E+00  6.0140E+00  1.0000E+00
  9.0000E+00  2.0000E+00  0.0000E+00  4.5500E+00  4.1424E+00  1.0000E+00
  1.2000E+01  2.0000E+00  0.0000E+00  3.0100E+00  3.1276E+00  1.0000E+00
  1.2000E+01  2.0000E+00  0.0000E+00  3.0100E+00  3.1276E+00  1.0000E+00
  2.4300E+01  2.0000E+00  0.0000E+00  9.0000E-01  9.8823E-01  1.0000E+00
  2.4300E+01  2.0000E+00  0.0000E+00  9.0000E-01  9.8823E-01  1.0000E+00
TABLE NO.  1
 TIME        CAT         DOSE        CP          IPRED       W
  0.0000E+00  1.0000E+00  3.2000E+02  0.0000E+00  0.0000E+00  1.0000E+00
  1.0000E-01  3.0000E+00  0.0000E+00  3.0000E+00  1.7282E+00  1.0000E+10
  2.7000E-01  2.0000E+00  0.0000E+00  1.7100E+00  3.9461E+00  1.0000E+00
  5.2000E-01  2.0000E+00  0.0000E+00  7.9100E+00  6.0308E+00  1.0000E+00
  1.9200E+00  2.0000E+00  0.0000E+00  8.3300E+00  8.1715E+00  1.0000E+00
  3.5000E+00  2.0000E+00  0.0000E+00  6.8500E+00  7.1524E+00  1.0000E+00
  3.5000E+00  2.0000E+00  0.0000E+00  6.8500E+00  7.1524E+00  1.0000E+00
  5.0200E+00  2.0000E+00  0.0000E+00  6.0800E+00  6.1440E+00  1.0000E+00
  5.0200E+00  2.0000E+00  0.0000E+00  6.0800E+00  6.1440E+00  1.0000E+00
  5.0200E+00  2.0000E+00  0.0000E+00  6.0800E+00  6.1440E+00  1.0000E+00
  9.0000E+00  2.0000E+00  0.0000E+00  4.5500E+00  4.1132E+00  1.0000E+00
  1.2000E+01  2.0000E+00  0.0000E+00  3.0100E+00  3.0395E+00  1.0000E+00
TABLE NO.  1
 TIME        CAT         DOSE        CP          IPRED       W
  0.0000E+00  1.0000E+00  3.2000E+02  0.0000E+00  0.0000E+00  1.0000E+00
  1.0000E-01  3.0000E+00  0.0000E+00  3.0000E+00  2.8953E+00  1.0000E+10
  5.2000E-01  2.0000E+00  0.0000E+00  7.9100E+00  7.7709E+00  1.0000E+00
  1.0000E+00  2.0000E+00  0.0000E+00  8.3100E+00  8.5342E+00  1.0000E+00
  1.0000E+00  2.0000E+00  0.0000E+00  8.3100E+00  8.5342E+00  1.0000E+00
  1.9200E+00  2.0000E+00  0.0000E+00  8.3300E+00  8.0524E+00  1.0000E+00
  3.5000E+00  2.0000E+00  0.0000E+00  6.8500E+00  6.9755E+00  1.0000E+00
  5.0200E+00  2.0000E+00  0.0000E+00  6.0800E+00  6.0701E+00  1.0000E+00
  7.0300E+00  2.0000E+00  0.0000E+00  5.4000E+00  5.0508E+00  1.0000E+00
  2.4300E+01  2.0000E+00  0.0000E+00  9.0000E-01  1.0408E+00  1.0000E+00
  2.4300E+01  2.0000E+00  0.0000E+00  9.0000E-01  1.0408E+00  1.0000E+00
  2.4300E+01  2.0000E+00  0.0000E+00  9.0000E-01  1.0408E+00  1.0000E+00
TABLE NO.  1
 TIME        CAT         DOSE        CP          IPRED       W
  0.0000E+00  1.0000E+00  3.2000E+02  0.0000E+00  0.0000E+00  1.0000E+00
  1.0000E-01  3.0000E+00  0.0000E+00  3.0000E+00  1.9051E+00  1.0000E+10
  2.7000E-01  2.0000E+00  0.0000E+00  1.7100E+00  4.3973E+00  1.0000E+00
  5.2000E-01  2.0000E+00  0.0000E+00  7.9100E+00  6.8097E+00  1.0000E+00
  5.2000E-01  2.0000E+00  0.0000E+00  7.9100E+00  6.8097E+00  1.0000E+00
  5.0200E+00  2.0000E+00  0.0000E+00  6.0800E+00  6.8836E+00  1.0000E+00
  7.0300E+00  2.0000E+00  0.0000E+00  5.4000E+00  5.4547E+00  1.0000E+00
  9.0000E+00  2.0000E+00  0.0000E+00  4.5500E+00  4.3417E+00  1.0000E+00
  9.0000E+00  2.0000E+00  0.0000E+00  4.5500E+00  4.3417E+00  1.0000E+00
  9.0000E+00  2.0000E+00  0.0000E+00  4.5500E+00  4.3417E+00  1.0000E+00
  1.2000E+01  2.0000E+00  0.0000E+00  3.0100E+00  3.0671E+00  1.0000E+00
  2.4300E+01  2.0000E+00  0.0000E+00  9.0000E-01  7.3775E-01  1.0000E+00
TABLE NO.  1
 TIME        CAT         DOSE        CP          IPRED       W
  0.0000E+00  1.0000E+00  3.2000E+02  0.0000E+00  0.0000E+00  1.0000E+00
  1.0000E-01  3.0000E+00  0.0000E+00  3.0000E+00  2.9829E+00  1.0000E+10
  5.2000E-01  2.0000E+00  0.0000E+00  7.9100E+00  7.8880E+00  1.0000E+00
  5.2000E-01  2.0000E+00  0.0000E+00  7.9100E+00  7.8880E+00  1.0000E+00
  5.2000E-01  2.0000E+00  0.0000E+00  7.9100E+00  7.8880E+00  1.0000E+00
  5.2000E-01  2.0000E+00  0.0000E+00  7.9100E+00  7.8880E+00  1.0000E+00
  1.0000E+00  2.0000E+00  0.0000E+00  8.3100E+00  8.6099E+00  1.0000E+00
  1.9200E+00  2.0000E+00  0.0000E+00  8.3300E+00  8.1247E+00  1.0000E+00
  5.0200E+00  2.0000E+00  0.0000E+00  6.0800E+00  6.1858E+00  1.0000E+00
  7.0300E+00  2.0000E+00  0.0000E+00  5.4000E+00  5.1809E+00  1.0000E+00
  9.0000E+00  2.0000E+00  0.0000E+00  4.5500E+00  4.3546E+00  1.0000E+00
  1.2000E+01  2.0000E+00  0.0000E+00  3.0100E+00  3.3423E+00  1.0000E+00
TABLE NO.  1
 TIME        CAT         DOSE        CP          IPRED       W
  0.0000E+00  1.0000E+00  3.2000E+02  0.0000E+00  0.0000E+00  1.0000E+00
  1.0000E-01  3.0000E+00  0.0000E+00  3.0000E+00  1.7620E+00  1.0000E+10
  2.7000E-01  2.0000E+00  0.0000E+00  1.7100E+00  4.0267E+00  1.0000E+00
  5.2000E-01  2.0000E+00  0.0000E+00  7.9100E+00  6.1615E+00  1.0000E+00
  1.0000E+00  2.0000E+00  0.0000E+00  8.3100E+00  7.9961E+00  1.0000E+00
  3.5000E+00  2.0000E+00  0.0000E+00  6.8500E+00  7.4271E+00  1.0000E+00
  5.0200E+00  2.0000E+00  0.0000E+00  6.0800E+00  6.4352E+00  1.0000E+00
  7.0300E+00  2.0000E+00  0.0000E+00  5.4000E+00  5.3153E+00  1.0000E+00
  7.0300E+00  2.0000E+00  0.0000E+00  5.4000E+00  5.3153E+00  1.0000E+00
  7.0300E+00  2.0000E+00  0.0000E+00  5.4000E+00  5.3153E+00  1.0000E+00
  9.0000E+00  2.0000E+00  0.0000E+00  4.5500E+00  4.4066E+00  1.0000E+00
  9.0000E+00  2.0000E+00  0.0000E+00  4.5500E+00  4.4066E+00  1.0000E+00
TABLE NO.  1
 TIME        CAT         DOSE        CP          IPRED       W
  0.0000E+00  1.0000E+00  3.2000E+02  0.0000E+00  0.0000E+00  1.0000E+00
  1.0000E-01  3.0000E+00  0.0000E+00  3.0000E+00  1.2782E+00  1.0000E+10
  2.7000E-01  2.0000E+00  0.0000E+00  1.7100E+00  3.0767E+00  1.0000E+00
  1.0000E+00  2.0000E+00  0.0000E+00  8.3100E+00  7.2194E+00  1.0000E+00
  1.9200E+00  2.0000E+00  0.0000E+00  8.3300E+00  8.4440E+00  1.0000E+00
  1.9200E+00  2.0000E+00  0.0000E+00  8.3300E+00  8.4440E+00  1.0000E+00
  5.0200E+00  2.0000E+00  0.0000E+00  6.0800E+00  6.6450E+00  1.0000E+00
  7.0300E+00  2.0000E+00  0.0000E+00  5.4000E+00  5.3128E+00  1.0000E+00
  7.0300E+00  2.0000E+00  0.0000E+00  5.4000E+00  5.3128E+00  1.0000E+00
  9.0000E+00  2.0000E+00  0.0000E+00  4.5500E+00  4.2570E+00  1.0000E+00
  1.2000E+01  2.0000E+00  0.0000E+00  3.0100E+00  3.0369E+00  1.0000E+00
  1.2000E+01  2.0000E+00  0.0000E+00  3.0100E+00  3.0369E+00  1.0000E+00
TABLE NO.  1
 TIME        CAT         DOSE        CP          IPRED       W
  0.0000E+00  1.0000E+00  3.2000E+02  0.0000E+00  0.0000E+00  1.0000E+00
  1.0000E-01  3.0000E+00  0.0000E+00  3.0000E+00  1.1198E+00  1.0000E+10
  2.7000E-01  2.0000E+00  0.0000E+00  1.7100E+00  2.7501E+00  1.0000E+00
  2.7000E-01  2.0000E+00  0.0000E+00  1.7100E+00  2.7501E+00  1.0000E+00
  1.0000E+00  2.0000E+00  0.0000E+00  8.3100E+00  6.9289E+00  1.0000E+00
  1.9200E+00  2.0000E+00  0.0000E+00  8.3300E+00  8.5903E+00  1.0000E+00
  7.0300E+00  2.0000E+00  0.0000E+00  5.4000E+00  5.5795E+00  1.0000E+00
  7.0300E+00  2.0000E+00  0.0000E+00  5.4000E+00  5.5795E+00  1.0000E+00
  1.2000E+01  2.0000E+00  0.0000E+00  3.0100E+00  3.0351E+00  1.0000E+00
  2.4300E+01  2.0000E+00  0.0000E+00  9.0000E-01  6.6959E-01  1.0000E+00
  2.4300E+01  2.0000E+00  0.0000E+00  9.0000E-01  6.6959E-01  1.0000E+00
  2.4300E+01  2.0000E+00  0.0000E+00  9.0000E-01  6.6959E-01  1.0000E+00
TABLE NO.  1
 TIME        CAT         DOSE        CP          IPRED       W
  0.0000E+00  1.0000E+00  3.2000E+02  0.0000E+00  0.0000E+00  1.0000E+00
  1.0000E-01  3.0000E+00  0.0000E+00  3.0000E+00  2.8905E+00  1.0000E+10
  5.2000E-01  2.0000E+00  0.0000E+00  7.9100E+00  7.8145E+00  1.0000E+00
  1.0000E+00  2.0000E+00  0.0000E+00  8.3100E+00  8.6198E+00  1.0000E+00
  1.9200E+00  2.0000E+00  0.0000E+00  8.3300E+00  8.1655E+00  1.0000E+00
  1.9200E+00  2.0000E+00  0.0000E+00  8.3300E+00  8.1655E+00  1.0000E+00
  3.5000E+00  2.0000E+00  0.0000E+00  6.8500E+00  7.1085E+00  1.0000E+00
  5.0200E+00  2.0000E+00  0.0000E+00  6.0800E+00  6.2149E+00  1.0000E+00
  7.0300E+00  2.0000E+00  0.0000E+00  5.4000E+00  5.2033E+00  1.0000E+00
  7.0300E+00  2.0000E+00  0.0000E+00  5.4000E+00  5.2033E+00  1.0000E+00
  7.0300E+00  2.0000E+00  0.0000E+00  5.4000E+00  5.2033E+00  1.0000E+00
  1.2000E+01  2.0000E+00  0.0000E+00  3.0100E+00  3.3535E+00  1.0000E+00
TABLE NO.  1
 TIME        CAT         DOSE        CP          IPRED       W
  0.0000E+00  1.0000E+00  3.2000E+02  0.0000E+00  0.0000E+00  1.0000E+00
  1.0000E-01  3.0000E+00  0.0000E+00  3.0000E+00  2.9549E+00  1.0000E+10
  5.2000E-01  2.0000E+00  0.0000E+00  7.9100E+00  7.8352E+00  1.0000E+00
  1.0000E+00  2.0000E+00  0.0000E+00  8.3100E+00  8.5658E+00  1.0000E+00
  1.9200E+00  2.0000E+00  0.0000E+00  8.3300E+00  8.0946E+00  1.0000E+00
  3.5000E+00  2.0000E+00  0.0000E+00  6.8500E+00  7.0596E+00  1.0000E+00
  3.5000E+00  2.0000E+00  0.0000E+00  6.8500E+00  7.0596E+00  1.0000E+00
  7.0300E+00  2.0000E+00  0.0000E+00  5.4000E+00  5.1915E+00  1.0000E+00
  7.0300E+00  2.0000E+00  0.0000E+00  5.4000E+00  5.1915E+00  1.0000E+00
  7.0300E+00  2.0000E+00  0.0000E+00  5.4000E+00  5.1915E+00  1.0000E+00
  2.4300E+01  2.0000E+00  0.0000E+00  9.0000E-01  1.1540E+00  1.0000E+00
  2.4300E+01  2.0000E+00  0.0000E+00  9.0000E-01  1.1540E+00  1.0000E+00
TABLE NO.  1
 TIME        CAT         DOSE        CP          IPRED       W
  0.0000E+00  1.0000E+00  3.2000E+02  0.0000E+00  0.0000E+00  1.0000E+00
  1.0000E-01  3.0000E+00  0.0000E+00  3.0000E+00  2.4717E+00  1.0000E+10
  1.0000E+00  2.0000E+00  0.0000E+00  8.3100E+00  8.3098E+00  1.0000E+00
  1.0000E+00  2.0000E+00  0.0000E+00  8.3100E+00  8.3098E+00  1.0000E+00
  1.0000E+00  2.0000E+00  0.0000E+00  8.3100E+00  8.3098E+00  1.0000E+00
  3.5000E+00  2.0000E+00  0.0000E+00  6.8500E+00  6.9976E+00  1.0000E+00
  3.5000E+00  2.0000E+00  0.0000E+00  6.8500E+00  6.9976E+00  1.0000E+00
  7.0300E+00  2.0000E+00  0.0000E+00  5.4000E+00  5.1192E+00  1.0000E+00
  7.0300E+00  2.0000E+00  0.0000E+00  5.4000E+00  5.1192E+00  1.0000E+00
  9.0000E+00  2.0000E+00  0.0000E+00  4.5500E+00  4.2997E+00  1.0000E+00
  1.2000E+01  2.0000E+00  0.0000E+00  3.0100E+00  3.2966E+00  1.0000E+00
  1.2000E+01  2.0000E+00  0.0000E+00  3.0100E+00  3.2966E+00  1.0000E+00
TABLE NO.  1
 TIME        CAT         DOSE        CP          IPRED       W
  0.0000E+00  1.0000E+00  3.2000E+02  0.0000E+00  0.0000E+00  1.0000E+00
  1.0000E-01  3.0000E+00  0.0000E+00  3.0000E+00  1.6740E+00  1.0000E+10
  2.7000E-01  2.0000E+00  0.0000E+00  1.7100E+00  3.8933E+00  1.0000E+00
  2.7000E-01  2.0000E+00  0.0000E+00  1.7100E+00  3.8933E+00  1.0000E+00
  5.2000E-01  2.0000E+00  0.0000E+00  7.9100E+00  6.0895E+00  1.0000E+00
  5.2000E-01  2.0000E+00  0.0000E+00  7.9100E+00  6.0895E+00  1.0000E+00
  1.9200E+00  2.0000E+00  0.0000E+00  8.3300E+00  8.7792E+00  1.0000E+00
  5.0200E+00  2.0000E+00  0.0000E+00  6.0800E+00  6.5547E+00  1.0000E+00
  7.0300E+00  2.0000E+00  0.0000E+00  5.4000E+00  5.2673E+00  1.0000E+00
  9.0000E+00  2.0000E+00  0.0000E+00  4.5500E+00  4.2500E+00  1.0000E+00
  1.2000E+01  2.0000E+00  0.0000E+00  3.0100E+00  3.0652E+00  1.0000E+00
  2.4300E+01  2.0000E+00  0.0000E+00  9.0000E-01  8.0271E-01  1.0000E+00
TABLE NO.  1
 TIME        CAT         DOSE        CP          IPRED       W
  0.0000E+00  1.0000E+00  3.2000E+02  0.0000E+00  0.0000E+00  1.0000E+00
  1.0000E-01  3.0000E+00  0.0000E+00  3.0000E+00  1.4601E+00  1.0000E+10
  2.7000E-01  2.0000E+00  0.0000E+00  1.7100E+00  3.4858E+00  1.0000E+00
  2.7000E-01  2.0000E+00  0.0000E+00  1.7100E+00  3.4858E+00  1.0000E+00
  5.2000E-01  2.0000E+00  0.0000E+00  7.9100E+00  5.6409E+00  1.0000E+00
  1.0000E+00  2.0000E+00  0.0000E+00  8.3100E+00  7.9435E+00  1.0000E+00
  1.0000E+00  2.0000E+00  0.0000E+00  8.3100E+00  7.9435E+00  1.0000E+00
  1.9200E+00  2.0000E+00  0.0000E+00  8.3300E+00  9.0640E+00  1.0000E+00
  7.0300E+00  2.0000E+00  0.0000E+00  5.4000E+00  5.4588E+00  1.0000E+00
  9.0000E+00  2.0000E+00  0.0000E+00  4.5500E+00  4.3325E+00  1.0000E+00
  1.2000E+01  2.0000E+00  0.0000E+00  3.0100E+00  3.0467E+00  1.0000E+00
  1.2000E+01  2.0000E+00  0.0000E+00  3.0100E+00  3.0467E+00  1.0000E+00
TABLE NO.  1
 TIME        CAT         DOSE        CP          IPRED       W
  0.0000E+00  1.0000E+00  3.2000E+02  0.0000E+00  0.0000E+00  1.0000E+00
  1.0000E-01  3.0000E+00  0.0000E+00  3.0000E+00  1.2781E+00  1.0000E+10
  2.7000E-01  2.0000E+00  0.0000E+00  1.7100E+00  3.0371E+00  1.0000E+00
  2.7000E-01  2.0000E+00  0.0000E+00  1.7100E+00  3.0371E+00  1.0000E+00
  2.7000E-01  2.0000E+00  0.0000E+00  1.7100E+00  3.0371E+00  1.0000E+00
  5.2000E-01  2.0000E+00  0.0000E+00  7.9100E+00  4.8869E+00  1.0000E+00
  3.5000E+00  2.0000E+00  0.0000E+00  6.8500E+00  7.1033E+00  1.0000E+00
  3.5000E+00  2.0000E+00  0.0000E+00  6.8500E+00  7.1033E+00  1.0000E+00
  5.0200E+00  2.0000E+00  0.0000E+00  6.0800E+00  6.1519E+00  1.0000E+00
  5.0200E+00  2.0000E+00  0.0000E+00  6.0800E+00  6.1519E+00  1.0000E+00
  7.0300E+00  2.0000E+00  0.0000E+00  5.4000E+00  5.0414E+00  1.0000E+00
  2.4300E+01  2.0000E+00  0.0000E+00  9.0000E-01  9.0351E-01  1.0000E+00
TABLE NO.  1
 TIME        CAT         DOSE        CP          IPRED       W
  0.0000E+00  1.0000E+00  3.2000E+02  0.0000E+00  0.0000E+00  1.0000E+00
  1.0000E-01  3.0000E+00  0.0000E+00  3.0000E+00  2.0632E+00  1.0000E+10
  2.7000E-01  2.0000E+00  0.0000E+00  1.7100E+00  4.6284E+00  1.0000E+00
  5.2000E-01  2.0000E+00  0.0000E+00  7.9100E+00  6.9191E+00  1.0000E+00
  5.2000E-01  2.0000E+00  0.0000E+00  7.9100E+00  6.9191E+00  1.0000E+00
  5.2000E-01  2.0000E+00  0.0000E+00  7.9100E+00  6.9191E+00  1.0000E+00
  1.0000E+00  2.0000E+00  0.0000E+00  8.3100E+00  8.6879E+00  1.0000E+00
  1.9200E+00  2.0000E+00  0.0000E+00  8.3300E+00  8.8433E+00  1.0000E+00
  7.0300E+00  2.0000E+00  0.0000E+00  5.4000E+00  5.3514E+00  1.0000E+00
  7.0300E+00  2.0000E+00  0.0000E+00  5.4000E+00  5.3514E+00  1.0000E+00
  7.0300E+00  2.0000E+00  0.0000E+00  5.4000E+00  5.3514E+00  1.0000E+00
  2.4300E+01  2.0000E+00  0.0000E+00  9.0000E-01  9.2393E-01  1.0000E+00
TABLE NO.  1
 TIME        CAT         DOSE        CP          IPRED       W
  0.0000E+00  1.0000E+00  3.2000E+02  0.0000E+00  0.0000E+00  1.0000E+00
  1.0000E-01  3.0000E+00  0.0000E+00  3.0000E+00  2.3448E+00  1.0000E+10
  1.0000E+00  2.0000E+00  0.0000E+00  8.3100E+00  8.3255E+00  1.0000E+00
  1.0000E+00  2.0000E+00  0.0000E+00  8.3100E+00  8.3255E+00  1.0000E+00
  1.9200E+00  2.0000E+00  0.0000E+00  8.3300E+00  8.0967E+00  1.0000E+00
  3.5000E+00  2.0000E+00  0.0000E+00  6.8500E+00  7.0037E+00  1.0000E+00
  3.5000E+00  2.0000E+00  0.0000E+00  6.8500E+00  7.0037E+00  1.0000E+00
  3.5000E+00  2.0000E+00  0.0000E+00  6.8500E+00  7.0037E+00  1.0000E+00
  5.0200E+00  2.0000E+00  0.0000E+00  6.0800E+00  6.0641E+00  1.0000E+00
  7.0300E+00  2.0000E+00  0.0000E+00  5.4000E+00  5.0119E+00  1.0000E+00
  1.2000E+01  2.0000E+00  0.0000E+00  3.0100E+00  3.1286E+00  1.0000E+00
  2.4300E+01  2.0000E+00  0.0000E+00  9.0000E-01  9.7472E-01  1.0000E+00
TABLE NO.  1
 TIME        CAT         DOSE        CP          IPRED       W
  0.0000E+00  1.0000E+00  3.2000E+02  0.0000E+00  0.0000E+00  1.0000E+00
  1.0000E-01  3.0000E+00  0.0000E+00  3.0000E+00  9.8562E-01  1.0000E+10
  2.7000E-01  2.0000E+00  0.0000E+00  1.7100E+00  2.4277E+00  1.0000E+00
  2.7000E-01  2.0000E+00  0.0000E+00  1.7100E+00  2.4277E+00  1.0000E+00
  1.9200E+00  2.0000E+00  0.0000E+00  8.3300E+00  7.7599E+00  1.0000E+00
  1.9200E+00  2.0000E+00  0.0000E+00  8.3300E+00  7.7599E+00  1.0000E+00
  5.0200E+00  2.0000E+00  0.0000E+00  6.0800E+00  6.5475E+00  1.0000E+00
  5.0200E+00  2.0000E+00  0.0000E+00  6.0800E+00  6.5475E+00  1.0000E+00
  1.2000E+01  2.0000E+00  0.0000E+00  3.0100E+00  2.9035E+00  1.0000E+00
  2.4300E+01  2.0000E+00  0.0000E+00  9.0000E-01  6.7714E-01  1.0000E+00
  2.4300E+01  2.0000E+00  0.0000E+00  9.0000E-01  6.7714E-01  1.0000E+00
  2.4300E+01  2.0000E+00  0.0000E+00  9.0000E-01  6.7714E-01  1.0000E+00
TABLE NO.  1
 TIME        CAT         DOSE        CP          IPRED       W
  0.0000E+00  1.0000E+00  3.2000E+02  0.0000E+00  0.0000E+00  1.0000E+00
  1.0000E-01  3.0000E+00  0.0000E+00  3.0000E+00  2.0802E+00  1.0000E+10
  2.7000E-01  2.0000E+00  0.0000E+00  1.7100E+00  4.6549E+00  1.0000E+00
  5.2000E-01  2.0000E+00  0.0000E+00  7.9100E+00  6.9366E+00  1.0000E+00
  5.2000E-01  2.0000E+00  0.0000E+00  7.9100E+00  6.9366E+00  1.0000E+00
  5.2000E-01  2.0000E+00  0.0000E+00  7.9100E+00  6.9366E+00  1.0000E+00
  1.0000E+00  2.0000E+00  0.0000E+00  8.3100E+00  8.6690E+00  1.0000E+00
  3.5000E+00  2.0000E+00  0.0000E+00  6.8500E+00  7.5583E+00  1.0000E+00
  7.0300E+00  2.0000E+00  0.0000E+00  5.4000E+00  5.2269E+00  1.0000E+00
  9.0000E+00  2.0000E+00  0.0000E+00  4.5500E+00  4.2532E+00  1.0000E+00
  1.2000E+01  2.0000E+00  0.0000E+00  3.0100E+00  3.1073E+00  1.0000E+00
  2.4300E+01  2.0000E+00  0.0000E+00  9.0000E-01  8.5783E-01  1.0000E+00
TABLE NO.  1
 TIME        CAT         DOSE        CP          IPRED       W
  0.0000E+00  1.0000E+00  3.2000E+02  0.0000E+00  0.0000E+00  1.0000E+00
  1.0000E-01  3.0000E+00  0.0000E+00  3.0000E+00  1.5051E+00  1.0000E+10
  2.7000E-01  2.0000E+00  0.0000E+00  1.7100E+00  3.5365E+00  1.0000E+00
  2.7000E-01  2.0000E+00  0.0000E+00  1.7100E+00  3.5365E+00  1.0000E+00
  5.2000E-01  2.0000E+00  0.0000E+00  7.9100E+00  5.6044E+00  1.0000E+00
  1.0000E+00  2.0000E+00  0.0000E+00  8.3100E+00  7.6408E+00  1.0000E+00
  1.9200E+00  2.0000E+00  0.0000E+00  8.3300E+00  8.3945E+00  1.0000E+00
  1.9200E+00  2.0000E+00  0.0000E+00  8.3300E+00  8.3945E+00  1.0000E+00
  3.5000E+00  2.0000E+00  0.0000E+00  6.8500E+00  7.4019E+00  1.0000E+00
  5.0200E+00  2.0000E+00  0.0000E+00  6.0800E+00  6.2512E+00  1.0000E+00
  1.2000E+01  2.0000E+00  0.0000E+00  3.0100E+00  2.8115E+00  1.0000E+00
  1.2000E+01  2.0000E+00  0.0000E+00  3.0100E+00  2.8115E+00  1.0000E+00
TABLE NO.  1
 TIME        CAT         DOSE        CP          IPRED       W
  0.0000E+00  1.0000E+00  3.2000E+02  0.0000E+00  0.0000E+00  1.0000E+00
  1.0000E-01  3.0000E+00  0.0000E+00  3.0000E+00  1.3564E+00  1.0000E+10
  2.7000E-01  2.0000E+00  0.0000E+00  1.7100E+00  3.2519E+00  1.0000E+00
  1.0000E+00  2.0000E+00  0.0000E+00  8.3100E+00  7.5305E+00  1.0000E+00
  1.0000E+00  2.0000E+00  0.0000E+00  8.3100E+00  7.5305E+00  1.0000E+00
  1.9200E+00  2.0000E+00  0.0000E+00  8.3300E+00  8.7340E+00  1.0000E+00
  1.9200E+00  2.0000E+00  0.0000E+00  8.3300E+00  8.7340E+00  1.0000E+00
  9.0000E+00  2.0000E+00  0.0000E+00  4.5500E+00  4.5323E+00  1.0000E+00
  9.0000E+00  2.0000E+00  0.0000E+00  4.5500E+00  4.5323E+00  1.0000E+00
  9.0000E+00  2.0000E+00  0.0000E+00  4.5500E+00  4.5323E+00  1.0000E+00
  9.0000E+00  2.0000E+00  0.0000E+00  4.5500E+00  4.5323E+00  1.0000E+00
  2.4300E+01  2.0000E+00  0.0000E+00  9.0000E-01  8.8735E-01  1.0000E+00
TABLE NO.  1
 TIME        CAT         DOSE        CP          IPRED       W
  0.0000E+00  1.0000E+00  3.2000E+02  0.0000E+00  0.0000E+00  1.0000E+00
  1.0000E-01  3.0000E+00  0.0000E+00  3.0000E+00  2.9716E+00  1.0000E+10
  5.2000E-01  2.0000E+00  0.0000E+00  7.9100E+00  7.9100E+00  1.0000E+00
  5.2000E-01  2.0000E+00  0.0000E+00  7.9100E+00  7.9100E+00  1.0000E+00
  3.5000E+00  2.0000E+00  0.0000E+00  6.8500E+00  7.0792E+00  1.0000E+00
  5.0200E+00  2.0000E+00  0.0000E+00  6.0800E+00  6.1694E+00  1.0000E+00
  7.0300E+00  2.0000E+00  0.0000E+00  5.4000E+00  5.1433E+00  1.0000E+00
  9.0000E+00  2.0000E+00  0.0000E+00  4.5500E+00  4.3034E+00  1.0000E+00
  9.0000E+00  2.0000E+00  0.0000E+00  4.5500E+00  4.3034E+00  1.0000E+00
  1.2000E+01  2.0000E+00  0.0000E+00  3.0100E+00  3.2802E+00  1.0000E+00
  2.4300E+01  2.0000E+00  0.0000E+00  9.0000E-01  1.0776E+00  1.0000E+00
  2.4300E+01  2.0000E+00  0.0000E+00  9.0000E-01  1.0776E+00  1.0000E+00
TABLE NO.  1
 TIME        CAT         DOSE        CP          IPRED       W
  0.0000E+00  1.0000E+00  3.2000E+02  0.0000E+00  0.0000E+00  1.0000E+00
  1.0000E-01  3.0000E+00  0.0000E+00  3.0000E+00  2.9119E+00  1.0000E+10
  5.2000E-01  2.0000E+00  0.0000E+00  7.9100E+00  7.9112E+00  1.0000E+00
  1.9200E+00  2.0000E+00  0.0000E+00  8.3300E+00  8.2820E+00  1.0000E+00
  3.5000E+00  2.0000E+00  0.0000E+00  6.8500E+00  7.1949E+00  1.0000E+00
  9.0000E+00  2.0000E+00  0.0000E+00  4.5500E+00  4.3914E+00  1.0000E+00
  9.0000E+00  2.0000E+00  0.0000E+00  4.5500E+00  4.3914E+00  1.0000E+00
  9.0000E+00  2.0000E+00  0.0000E+00  4.5500E+00  4.3914E+00  1.0000E+00
  9.0000E+00  2.0000E+00  0.0000E+00  4.5500E+00  4.3914E+00  1.0000E+00
  2.4300E+01  2.0000E+00  0.0000E+00  9.0000E-01  1.1121E+00  1.0000E+00
  2.4300E+01  2.0000E+00  0.0000E+00  9.0000E-01  1.1121E+00  1.0000E+00
  2.4300E+01  2.0000E+00  0.0000E+00  9.0000E-01  1.1121E+00  1.0000E+00
TABLE NO.  1
 TIME        CAT         DOSE        CP          IPRED       W
  0.0000E+00  1.0000E+00  3.2000E+02  0.0000E+00  0.0000E+00  1.0000E+00
  1.0000E-01  3.0000E+00  0.0000E+00  3.0000E+00  1.4230E+00  1.0000E+10
  2.7000E-01  2.0000E+00  0.0000E+00  1.7100E+00  3.3664E+00  1.0000E+00
  2.7000E-01  2.0000E+00  0.0000E+00  1.7100E+00  3.3664E+00  1.0000E+00
  5.2000E-01  2.0000E+00  0.0000E+00  7.9100E+00  5.3840E+00  1.0000E+00
  1.9200E+00  2.0000E+00  0.0000E+00  8.3300E+00  8.3530E+00  1.0000E+00
  5.0200E+00  2.0000E+00  0.0000E+00  6.0800E+00  6.4362E+00  1.0000E+00
  5.0200E+00  2.0000E+00  0.0000E+00  6.0800E+00  6.4362E+00  1.0000E+00
  7.0300E+00  2.0000E+00  0.0000E+00  5.4000E+00  5.2011E+00  1.0000E+00
  9.0000E+00  2.0000E+00  0.0000E+00  4.5500E+00  4.2176E+00  1.0000E+00
  1.2000E+01  2.0000E+00  0.0000E+00  3.0100E+00  3.0649E+00  1.0000E+00
  2.4300E+01  2.0000E+00  0.0000E+00  9.0000E-01  8.2788E-01  1.0000E+00
TABLE NO.  1
 TIME        CAT         DOSE        CP          IPRED       W
  0.0000E+00  1.0000E+00  3.2000E+02  0.0000E+00  0.0000E+00  1.0000E+00
  1.0000E-01  3.0000E+00  0.0000E+00  3.0000E+00  1.1905E+00  1.0000E+10
  2.7000E-01  2.0000E+00  0.0000E+00  1.7100E+00  2.8811E+00  1.0000E+00
  2.7000E-01  2.0000E+00  0.0000E+00  1.7100E+00  2.8811E+00  1.0000E+00
  1.0000E+00  2.0000E+00  0.0000E+00  8.3100E+00  6.8832E+00  1.0000E+00
  1.9200E+00  2.0000E+00  0.0000E+00  8.3300E+00  8.1484E+00  1.0000E+00
  1.9200E+00  2.0000E+00  0.0000E+00  8.3300E+00  8.1484E+00  1.0000E+00
  3.5000E+00  2.0000E+00  0.0000E+00  6.8500E+00  7.5180E+00  1.0000E+00
  5.0200E+00  2.0000E+00  0.0000E+00  6.0800E+00  6.3698E+00  1.0000E+00
  5.0200E+00  2.0000E+00  0.0000E+00  6.0800E+00  6.3698E+00  1.0000E+00
  7.0300E+00  2.0000E+00  0.0000E+00  5.4000E+00  5.0115E+00  1.0000E+00
  1.2000E+01  2.0000E+00  0.0000E+00  3.0100E+00  2.7443E+00  1.0000E+00
TABLE NO.  1
 TIME        CAT         DOSE        CP          IPRED       W
  0.0000E+00  1.0000E+00  3.2000E+02  0.0000E+00  0.0000E+00  1.0000E+00
  1.0000E-01  3.0000E+00  0.0000E+00  3.0000E+00  1.6844E+00  1.0000E+10
  2.7000E-01  2.0000E+00  0.0000E+00  1.7100E+00  3.9222E+00  1.0000E+00
  5.2000E-01  2.0000E+00  0.0000E+00  7.9100E+00  6.1444E+00  1.0000E+00
  5.0200E+00  2.0000E+00  0.0000E+00  6.0800E+00  6.6953E+00  1.0000E+00
  7.0300E+00  2.0000E+00  0.0000E+00  5.4000E+00  5.3986E+00  1.0000E+00
  9.0000E+00  2.0000E+00  0.0000E+00  4.5500E+00  4.3706E+00  1.0000E+00
  9.0000E+00  2.0000E+00  0.0000E+00  4.5500E+00  4.3706E+00  1.0000E+00
  9.0000E+00  2.0000E+00  0.0000E+00  4.5500E+00  4.3706E+00  1.0000E+00
  1.2000E+01  2.0000E+00  0.0000E+00  3.0100E+00  3.1682E+00  1.0000E+00
  2.4300E+01  2.0000E+00  0.0000E+00  9.0000E-01  8.4711E-01  1.0000E+00
  2.4300E+01  2.0000E+00  0.0000E+00  9.0000E-01  8.4711E-01  1.0000E+00
TABLE NO.  1
 TIME        CAT         DOSE        CP          IPRED       W
  0.0000E+00  1.0000E+00  3.2000E+02  0.0000E+00  0.0000E+00  1.0000E+00
  1.0000E-01  3.0000E+00  0.0000E+00  3.0000E+00  6.1198E+00  1.0000E+10
  1.9200E+00  2.0000E+00  0.0000E+00  8.3300E+00  8.1187E+00  1.0000E+00
  3.5000E+00  2.0000E+00  0.0000E+00  6.8500E+00  7.1013E+00  1.0000E+00
  3.5000E+00  2.0000E+00  0.0000E+00  6.8500E+00  7.1013E+00  1.0000E+00
  5.0200E+00  2.0000E+00  0.0000E+00  6.0800E+00  6.2430E+00  1.0000E+00
  7.0300E+00  2.0000E+00  0.0000E+00  5.4000E+00  5.2652E+00  1.0000E+00
  7.0300E+00  2.0000E+00  0.0000E+00  5.4000E+00  5.2652E+00  1.0000E+00
  7.0300E+00  2.0000E+00  0.0000E+00  5.4000E+00  5.2652E+00  1.0000E+00
  7.0300E+00  2.0000E+00  0.0000E+00  5.4000E+00  5.2652E+00  1.0000E+00
  9.0000E+00  2.0000E+00  0.0000E+00  4.5500E+00  4.4556E+00  1.0000E+00
  2.4300E+01  2.0000E+00  0.0000E+00  9.0000E-01  1.2184E+00  1.0000E+00
TABLE NO.  1
 TIME        CAT         DOSE        CP          IPRED       W
  0.0000E+00  1.0000E+00  3.2000E+02  0.0000E+00  0.0000E+00  1.0000E+00
  1.0000E-01  3.0000E+00  0.0000E+00  3.0000E+00  1.3491E+00  1.0000E+10
  2.7000E-01  2.0000E+00  0.0000E+00  1.7100E+00  3.1849E+00  1.0000E+00
  1.0000E+00  2.0000E+00  0.0000E+00  8.3100E+00  7.0111E+00  1.0000E+00
  3.5000E+00  2.0000E+00  0.0000E+00  6.8500E+00  7.1501E+00  1.0000E+00
  3.5000E+00  2.0000E+00  0.0000E+00  6.8500E+00  7.1501E+00  1.0000E+00
  3.5000E+00  2.0000E+00  0.0000E+00  6.8500E+00  7.1501E+00  1.0000E+00
  9.0000E+00  2.0000E+00  0.0000E+00  4.5500E+00  4.2340E+00  1.0000E+00
  9.0000E+00  2.0000E+00  0.0000E+00  4.5500E+00  4.2340E+00  1.0000E+00
  1.2000E+01  2.0000E+00  0.0000E+00  3.0100E+00  3.1707E+00  1.0000E+00
  2.4300E+01  2.0000E+00  0.0000E+00  9.0000E-01  9.6873E-01  1.0000E+00
  2.4300E+01  2.0000E+00  0.0000E+00  9.0000E-01  9.6873E-01  1.0000E+00
TABLE NO.  1
 TIME        CAT         DOSE        CP          IPRED       W
  0.0000E+00  1.0000E+00  3.2000E+02  0.0000E+00  0.0000E+00  1.0000E+00
  1.0000E-01  3.0000E+00  0.0000E+00  3.0000E+00  1.4796E+00  1.0000E+10
  2.7000E-01  2.0000E+00  0.0000E+00  1.7100E+00  3.4742E+00  1.0000E+00
  1.0000E+00  2.0000E+00  0.0000E+00  8.3100E+00  7.5036E+00  1.0000E+00
  1.0000E+00  2.0000E+00  0.0000E+00  8.3100E+00  7.5036E+00  1.0000E+00
  3.5000E+00  2.0000E+00  0.0000E+00  6.8500E+00  7.4100E+00  1.0000E+00
  3.5000E+00  2.0000E+00  0.0000E+00  6.8500E+00  7.4100E+00  1.0000E+00
  7.0300E+00  2.0000E+00  0.0000E+00  5.4000E+00  5.1742E+00  1.0000E+00
  9.0000E+00  2.0000E+00  0.0000E+00  4.5500E+00  4.2226E+00  1.0000E+00
  1.2000E+01  2.0000E+00  0.0000E+00  3.0100E+00  3.0984E+00  1.0000E+00
  2.4300E+01  2.0000E+00  0.0000E+00  9.0000E-01  8.7085E-01  1.0000E+00
  2.4300E+01  2.0000E+00  0.0000E+00  9.0000E-01  8.7085E-01  1.0000E+00
TABLE NO.  1
 TIME        CAT         DOSE        CP          IPRED       W
  0.0000E+00  1.0000E+00  3.2000E+02  0.0000E+00  0.0000E+00  1.0000E+00
  1.0000E-01  3.0000E+00  0.0000E+00  3.0000E+00  6.8567E-01  1.0000E+10
  2.7000E-01  2.0000E+00  0.0000E+00  1.7100E+00  1.7221E+00  1.0000E+00
  3.5000E+00  2.0000E+00  0.0000E+00  6.8500E+00  6.8155E+00  1.0000E+00
  3.5000E+00  2.0000E+00  0.0000E+00  6.8500E+00  6.8155E+00  1.0000E+00
  5.0200E+00  2.0000E+00  0.0000E+00  6.0800E+00  6.2305E+00  1.0000E+00
  9.0000E+00  2.0000E+00  0.0000E+00  4.5500E+00  4.2688E+00  1.0000E+00
  1.2000E+01  2.0000E+00  0.0000E+00  3.0100E+00  3.1341E+00  1.0000E+00
  1.2000E+01  2.0000E+00  0.0000E+00  3.0100E+00  3.1341E+00  1.0000E+00
  2.4300E+01  2.0000E+00  0.0000E+00  9.0000E-01  8.7484E-01  1.0000E+00
  2.4300E+01  2.0000E+00  0.0000E+00  9.0000E-01  8.7484E-01  1.0000E+00
  2.4300E+01  2.0000E+00  0.0000E+00  9.0000E-01  8.7484E-01  1.0000E+00
TABLE NO.  1
 TIME        CAT         DOSE        CP          IPRED       W
  0.0000E+00  1.0000E+00  3.2000E+02  0.0000E+00  0.0000E+00  1.0000E+00
  1.0000E-01  3.0000E+00  0.0000E+00  3.0000E+00  1.6994E+00  1.0000E+10
  2.7000E-01  2.0000E+00  0.0000E+00  1.7100E+00  3.9467E+00  1.0000E+00
  5.2000E-01  2.0000E+00  0.0000E+00  7.9100E+00  6.1623E+00  1.0000E+00
  1.0000E+00  2.0000E+00  0.0000E+00  8.3100E+00  8.2230E+00  1.0000E+00
  1.0000E+00  2.0000E+00  0.0000E+00  8.3100E+00  8.2230E+00  1.0000E+00
  1.0000E+00  2.0000E+00  0.0000E+00  8.3100E+00  8.2230E+00  1.0000E+00
  1.9200E+00  2.0000E+00  0.0000E+00  8.3300E+00  8.8514E+00  1.0000E+00
  7.0300E+00  2.0000E+00  0.0000E+00  5.4000E+00  5.3720E+00  1.0000E+00
  9.0000E+00  2.0000E+00  0.0000E+00  4.5500E+00  4.3573E+00  1.0000E+00
  1.2000E+01  2.0000E+00  0.0000E+00  3.0100E+00  3.1679E+00  1.0000E+00
  2.4300E+01  2.0000E+00  0.0000E+00  9.0000E-01  8.5730E-01  1.0000E+00
TABLE NO.  1
 TIME        CAT         DOSE        CP          IPRED       W
  0.0000E+00  1.0000E+00  3.2000E+02  0.0000E+00  0.0000E+00  1.0000E+00
  1.0000E-01  3.0000E+00  0.0000E+00  3.0000E+00  1.7983E+00  1.0000E+10
  2.7000E-01  2.0000E+00  0.0000E+00  1.7100E+00  4.1564E+00  1.0000E+00
  2.7000E-01  2.0000E+00  0.0000E+00  1.7100E+00  4.1564E+00  1.0000E+00
  5.2000E-01  2.0000E+00  0.0000E+00  7.9100E+00  6.4491E+00  1.0000E+00
  5.2000E-01  2.0000E+00  0.0000E+00  7.9100E+00  6.4491E+00  1.0000E+00
  5.2000E-01  2.0000E+00  0.0000E+00  7.9100E+00  6.4491E+00  1.0000E+00
  1.0000E+00  2.0000E+00  0.0000E+00  8.3100E+00  8.5234E+00  1.0000E+00
  1.9200E+00  2.0000E+00  0.0000E+00  8.3300E+00  9.0705E+00  1.0000E+00
  9.0000E+00  2.0000E+00  0.0000E+00  4.5500E+00  4.3421E+00  1.0000E+00
  1.2000E+01  2.0000E+00  0.0000E+00  3.0100E+00  3.1257E+00  1.0000E+00
  2.4300E+01  2.0000E+00  0.0000E+00  9.0000E-01  8.1213E-01  1.0000E+00
TABLE NO.  1
 TIME        CAT         DOSE        CP          IPRED       W
  0.0000E+00  1.0000E+00  3.2000E+02  0.0000E+00  0.0000E+00  1.0000E+00
  1.0000E-01  3.0000E+00  0.0000E+00  3.0000E+00  2.9872E+00  1.0000E+10
  5.2000E-01  2.0000E+00  0.0000E+00  7.9100E+00  7.8459E+00  1.0000E+00
  1.0000E+00  2.0000E+00  0.0000E+00  8.3100E+00  8.5244E+00  1.0000E+00
  3.5000E+00  2.0000E+00  0.0000E+00  6.8500E+00  6.9065E+00  1.0000E+00
  5.0200E+00  2.0000E+00  0.0000E+00  6.0800E+00  5.9923E+00  1.0000E+00
  7.0300E+00  2.0000E+00  0.0000E+00  5.4000E+00  4.9665E+00  1.0000E+00
  1.2000E+01  2.0000E+00  0.0000E+00  3.0100E+00  3.1219E+00  1.0000E+00
  1.2000E+01  2.0000E+00  0.0000E+00  3.0100E+00  3.1219E+00  1.0000E+00
  2.4300E+01  2.0000E+00  0.0000E+00  9.0000E-01  9.8950E-01  1.0000E+00
  2.4300E+01  2.0000E+00  0.0000E+00  9.0000E-01  9.8950E-01  1.0000E+00
  2.4300E+01  2.0000E+00  0.0000E+00  9.0000E-01  9.8950E-01  1.0000E+00
TABLE NO.  1
 TIME        CAT         DOSE        CP          IPRED       W
  0.0000E+00  1.0000E+00  3.2000E+02  0.0000E+00  0.0000E+00  1.0000E+00
  1.0000E-01  3.0000E+00  0.0000E+00  3.0000E+00  1.1786E+00  1.0000E+10
  2.7000E-01  2.0000E+00  0.0000E+00  1.7100E+00  2.8358E+00  1.0000E+00
  2.7000E-01  2.0000E+00  0.0000E+00  1.7100E+00  2.8358E+00  1.0000E+00
  1.0000E+00  2.0000E+00  0.0000E+00  8.3100E+00  6.6583E+00  1.0000E+00
  3.5000E+00  2.0000E+00  0.0000E+00  6.8500E+00  7.3254E+00  1.0000E+00
  5.0200E+00  2.0000E+00  0.0000E+00  6.0800E+00  6.3840E+00  1.0000E+00
  5.0200E+00  2.0000E+00  0.0000E+00  6.0800E+00  6.3840E+00  1.0000E+00
  7.0300E+00  2.0000E+00  0.0000E+00  5.4000E+00  5.2458E+00  1.0000E+00
  9.0000E+00  2.0000E+00  0.0000E+00  4.5500E+00  4.3191E+00  1.0000E+00
  9.0000E+00  2.0000E+00  0.0000E+00  4.5500E+00  4.3191E+00  1.0000E+00
  2.4300E+01  2.0000E+00  0.0000E+00  9.0000E-01  9.5292E-01  1.0000E+00
TABLE NO.  1
 TIME        CAT         DOSE        CP          IPRED       W
  0.0000E+00  1.0000E+00  3.2000E+02  0.0000E+00  0.0000E+00  1.0000E+00
  1.0000E-01  3.0000E+00  0.0000E+00  3.0000E+00  1.2916E+00  1.0000E+10
  2.7000E-01  2.0000E+00  0.0000E+00  1.7100E+00  3.1127E+00  1.0000E+00
  1.0000E+00  2.0000E+00  0.0000E+00  8.3100E+00  7.3340E+00  1.0000E+00
  5.0200E+00  2.0000E+00  0.0000E+00  6.0800E+00  6.7885E+00  1.0000E+00
  7.0300E+00  2.0000E+00  0.0000E+00  5.4000E+00  5.4252E+00  1.0000E+00
  7.0300E+00  2.0000E+00  0.0000E+00  5.4000E+00  5.4252E+00  1.0000E+00
  7.0300E+00  2.0000E+00  0.0000E+00  5.4000E+00  5.4252E+00  1.0000E+00
  9.0000E+00  2.0000E+00  0.0000E+00  4.5500E+00  4.3445E+00  1.0000E+00
  9.0000E+00  2.0000E+00  0.0000E+00  4.5500E+00  4.3445E+00  1.0000E+00
  9.0000E+00  2.0000E+00  0.0000E+00  4.5500E+00  4.3445E+00  1.0000E+00
  1.2000E+01  2.0000E+00  0.0000E+00  3.0100E+00  3.0963E+00  1.0000E+00
TABLE NO.  1
 TIME        CAT         DOSE        CP          IPRED       W
  0.0000E+00  1.0000E+00  3.2000E+02  0.0000E+00  0.0000E+00  1.0000E+00
  1.0000E-01  3.0000E+00  0.0000E+00  3.0000E+00  2.1228E+00  1.0000E+10
  2.7000E-01  2.0000E+00  0.0000E+00  1.7100E+00  4.6995E+00  1.0000E+00
  5.2000E-01  2.0000E+00  0.0000E+00  7.9100E+00  6.9120E+00  1.0000E+00
  5.2000E-01  2.0000E+00  0.0000E+00  7.9100E+00  6.9120E+00  1.0000E+00
  5.2000E-01  2.0000E+00  0.0000E+00  7.9100E+00  6.9120E+00  1.0000E+00
  1.0000E+00  2.0000E+00  0.0000E+00  8.3100E+00  8.4913E+00  1.0000E+00
  1.9200E+00  2.0000E+00  0.0000E+00  8.3300E+00  8.4796E+00  1.0000E+00
  1.9200E+00  2.0000E+00  0.0000E+00  8.3300E+00  8.4796E+00  1.0000E+00
  1.9200E+00  2.0000E+00  0.0000E+00  8.3300E+00  8.4796E+00  1.0000E+00
  3.5000E+00  2.0000E+00  0.0000E+00  6.8500E+00  7.2789E+00  1.0000E+00
  7.0300E+00  2.0000E+00  0.0000E+00  5.4000E+00  5.0386E+00  1.0000E+00
TABLE NO.  1
 TIME        CAT         DOSE        CP          IPRED       W
  0.0000E+00  1.0000E+00  3.2000E+02  0.0000E+00  0.0000E+00  1.0000E+00
  1.0000E-01  3.0000E+00  0.0000E+00  3.0000E+00  9.1492E-01  1.0000E+10
  2.7000E-01  2.0000E+00  0.0000E+00  1.7100E+00  2.2622E+00  1.0000E+00
  2.7000E-01  2.0000E+00  0.0000E+00  1.7100E+00  2.2622E+00  1.0000E+00
  1.9200E+00  2.0000E+00  0.0000E+00  8.3300E+00  7.4618E+00  1.0000E+00
  5.0200E+00  2.0000E+00  0.0000E+00  6.0800E+00  6.5529E+00  1.0000E+00
  5.0200E+00  2.0000E+00  0.0000E+00  6.0800E+00  6.5529E+00  1.0000E+00
  7.0300E+00  2.0000E+00  0.0000E+00  5.4000E+00  5.3288E+00  1.0000E+00
  9.0000E+00  2.0000E+00  0.0000E+00  4.5500E+00  4.3091E+00  1.0000E+00
  9.0000E+00  2.0000E+00  0.0000E+00  4.5500E+00  4.3091E+00  1.0000E+00
  1.2000E+01  2.0000E+00  0.0000E+00  3.0100E+00  3.1092E+00  1.0000E+00
  2.4300E+01  2.0000E+00  0.0000E+00  9.0000E-01  8.1417E-01  1.0000E+00
TABLE NO.  1
 TIME        CAT         DOSE        CP          IPRED       W
  0.0000E+00  1.0000E+00  3.2000E+02  0.0000E+00  0.0000E+00  1.0000E+00
  1.0000E-01  3.0000E+00  0.0000E+00  3.0000E+00  2.0817E+00  1.0000E+10
  2.7000E-01  2.0000E+00  0.0000E+00  1.7100E+00  4.6821E+00  1.0000E+00
  5.2000E-01  2.0000E+00  0.0000E+00  7.9100E+00  7.0207E+00  1.0000E+00
  5.2000E-01  2.0000E+00  0.0000E+00  7.9100E+00  7.0207E+00  1.0000E+00
  5.2000E-01  2.0000E+00  0.0000E+00  7.9100E+00  7.0207E+00  1.0000E+00
  3.5000E+00  2.0000E+00  0.0000E+00  6.8500E+00  7.7702E+00  1.0000E+00
  7.0300E+00  2.0000E+00  0.0000E+00  5.4000E+00  5.3563E+00  1.0000E+00
  9.0000E+00  2.0000E+00  0.0000E+00  4.5500E+00  4.3504E+00  1.0000E+00
  9.0000E+00  2.0000E+00  0.0000E+00  4.5500E+00  4.3504E+00  1.0000E+00
  9.0000E+00  2.0000E+00  0.0000E+00  4.5500E+00  4.3504E+00  1.0000E+00
  1.2000E+01  2.0000E+00  0.0000E+00  3.0100E+00  3.1692E+00  1.0000E+00
TABLE NO.  1
 TIME        CAT         DOSE        CP          IPRED       W
  0.0000E+00  1.0000E+00  3.2000E+02  0.0000E+00  0.0000E+00  1.0000E+00
  1.0000E-01  3.0000E+00  0.0000E+00  3.0000E+00  1.7794E+00  1.0000E+10
  2.7000E-01  2.0000E+00  0.0000E+00  1.7100E+00  4.0514E+00  1.0000E+00
  5.2000E-01  2.0000E+00  0.0000E+00  7.9100E+00  6.1686E+00  1.0000E+00
  1.0000E+00  2.0000E+00  0.0000E+00  8.3100E+00  7.9407E+00  1.0000E+00
  1.9200E+00  2.0000E+00  0.0000E+00  8.3300E+00  8.2546E+00  1.0000E+00
  3.5000E+00  2.0000E+00  0.0000E+00  6.8500E+00  7.1788E+00  1.0000E+00
  3.5000E+00  2.0000E+00  0.0000E+00  6.8500E+00  7.1788E+00  1.0000E+00
  3.5000E+00  2.0000E+00  0.0000E+00  6.8500E+00  7.1788E+00  1.0000E+00
  7.0300E+00  2.0000E+00  0.0000E+00  5.4000E+00  4.9795E+00  1.0000E+00
  1.2000E+01  2.0000E+00  0.0000E+00  3.0100E+00  2.9699E+00  1.0000E+00
  2.4300E+01  2.0000E+00  0.0000E+00  9.0000E-01  8.2659E-01  1.0000E+00
TABLE NO.  1
 TIME        CAT         DOSE        CP          IPRED       W
  0.0000E+00  1.0000E+00  3.2000E+02  0.0000E+00  0.0000E+00  1.0000E+00
  1.0000E-01  3.0000E+00  0.0000E+00  3.0000E+00  2.2027E+00  1.0000E+10
  1.0000E+00  2.0000E+00  0.0000E+00  8.3100E+00  8.3153E+00  1.0000E+00
  1.0000E+00  2.0000E+00  0.0000E+00  8.3100E+00  8.3153E+00  1.0000E+00
  1.0000E+00  2.0000E+00  0.0000E+00  8.3100E+00  8.3153E+00  1.0000E+00
  1.9200E+00  2.0000E+00  0.0000E+00  8.3300E+00  8.2267E+00  1.0000E+00
  3.5000E+00  2.0000E+00  0.0000E+00  6.8500E+00  7.1636E+00  1.0000E+00
  7.0300E+00  2.0000E+00  0.0000E+00  5.4000E+00  5.1723E+00  1.0000E+00
  9.0000E+00  2.0000E+00  0.0000E+00  4.5500E+00  4.3124E+00  1.0000E+00
  9.0000E+00  2.0000E+00  0.0000E+00  4.5500E+00  4.3124E+00  1.0000E+00
  1.2000E+01  2.0000E+00  0.0000E+00  3.0100E+00  3.2694E+00  1.0000E+00
  1.2000E+01  2.0000E+00  0.0000E+00  3.0100E+00  3.2694E+00  1.0000E+00
TABLE NO.  1
 TIME        CAT         DOSE        CP          IPRED       W
  0.0000E+00  1.0000E+00  3.2000E+02  0.0000E+00  0.0000E+00  1.0000E+00
  1.0000E-01  3.0000E+00  0.0000E+00  3.0000E+00  2.8341E+00  1.0000E+10
  5.2000E-01  2.0000E+00  0.0000E+00  7.9100E+00  7.9094E+00  1.0000E+00
  5.2000E-01  2.0000E+00  0.0000E+00  7.9100E+00  7.9094E+00  1.0000E+00
  5.2000E-01  2.0000E+00  0.0000E+00  7.9100E+00  7.9094E+00  1.0000E+00
  1.9200E+00  2.0000E+00  0.0000E+00  8.3300E+00  8.3995E+00  1.0000E+00
  5.0200E+00  2.0000E+00  0.0000E+00  6.0800E+00  6.2737E+00  1.0000E+00
  7.0300E+00  2.0000E+00  0.0000E+00  5.4000E+00  5.1866E+00  1.0000E+00
  7.0300E+00  2.0000E+00  0.0000E+00  5.4000E+00  5.1866E+00  1.0000E+00
  9.0000E+00  2.0000E+00  0.0000E+00  4.5500E+00  4.3042E+00  1.0000E+00
  1.2000E+01  2.0000E+00  0.0000E+00  3.0100E+00  3.2401E+00  1.0000E+00
  1.2000E+01  2.0000E+00  0.0000E+00  3.0100E+00  3.2401E+00  1.0000E+00
TABLE NO.  1
 TIME        CAT         DOSE        CP          IPRED       W
  0.0000E+00  1.0000E+00  3.2000E+02  0.0000E+00  0.0000E+00  1.0000E+00
  1.0000E-01  3.0000E+00  0.0000E+00  3.0000E+00  3.2191E+00  1.0000E+10
  5.2000E-01  2.0000E+00  0.0000E+00  7.9100E+00  7.8845E+00  1.0000E+00
  1.0000E+00  2.0000E+00  0.0000E+00  8.3100E+00  8.3473E+00  1.0000E+00
  1.0000E+00  2.0000E+00  0.0000E+00  8.3100E+00  8.3473E+00  1.0000E+00
  1.0000E+00  2.0000E+00  0.0000E+00  8.3100E+00  8.3473E+00  1.0000E+00
  3.5000E+00  2.0000E+00  0.0000E+00  6.8500E+00  6.8940E+00  1.0000E+00
  3.5000E+00  2.0000E+00  0.0000E+00  6.8500E+00  6.8940E+00  1.0000E+00
  5.0200E+00  2.0000E+00  0.0000E+00  6.0800E+00  6.0895E+00  1.0000E+00
  7.0300E+00  2.0000E+00  0.0000E+00  5.4000E+00  5.1681E+00  1.0000E+00
  9.0000E+00  2.0000E+00  0.0000E+00  4.5500E+00  4.4004E+00  1.0000E+00
  2.4300E+01  2.0000E+00  0.0000E+00  9.0000E-01  1.2621E+00  1.0000E+00
TABLE NO.  1
 TIME        CAT         DOSE        CP          IPRED       W
  0.0000E+00  1.0000E+00  3.2000E+02  0.0000E+00  0.0000E+00  1.0000E+00
  1.0000E-01  3.0000E+00  0.0000E+00  3.0000E+00  1.9423E+00  1.0000E+10
  2.7000E-01  2.0000E+00  0.0000E+00  1.7100E+00  4.4269E+00  1.0000E+00
  5.2000E-01  2.0000E+00  0.0000E+00  7.9100E+00  6.7479E+00  1.0000E+00
  5.2000E-01  2.0000E+00  0.0000E+00  7.9100E+00  6.7479E+00  1.0000E+00
  5.0200E+00  2.0000E+00  0.0000E+00  6.0800E+00  6.6347E+00  1.0000E+00
  5.0200E+00  2.0000E+00  0.0000E+00  6.0800E+00  6.6347E+00  1.0000E+00
  7.0300E+00  2.0000E+00  0.0000E+00  5.4000E+00  5.3388E+00  1.0000E+00
  7.0300E+00  2.0000E+00  0.0000E+00  5.4000E+00  5.3388E+00  1.0000E+00
  9.0000E+00  2.0000E+00  0.0000E+00  4.5500E+00  4.3144E+00  1.0000E+00
  9.0000E+00  2.0000E+00  0.0000E+00  4.5500E+00  4.3144E+00  1.0000E+00
  9.0000E+00  2.0000E+00  0.0000E+00  4.5500E+00  4.3144E+00  1.0000E+00
TABLE NO.  1
 TIME        CAT         DOSE        CP          IPRED       W
  0.0000E+00  1.0000E+00  3.2000E+02  0.0000E+00  0.0000E+00  1.0000E+00
  1.0000E-01  3.0000E+00  0.0000E+00  3.0000E+00  2.9767E+00  1.0000E+10
  5.2000E-01  2.0000E+00  0.0000E+00  7.9100E+00  7.8683E+00  1.0000E+00
  5.2000E-01  2.0000E+00  0.0000E+00  7.9100E+00  7.8683E+00  1.0000E+00
  1.0000E+00  2.0000E+00  0.0000E+00  8.3100E+00  8.5953E+00  1.0000E+00
  1.9200E+00  2.0000E+00  0.0000E+00  8.3300E+00  8.1343E+00  1.0000E+00
  5.0200E+00  2.0000E+00  0.0000E+00  6.0800E+00  6.2602E+00  1.0000E+00
  7.0300E+00  2.0000E+00  0.0000E+00  5.4000E+00  5.2800E+00  1.0000E+00
  9.0000E+00  2.0000E+00  0.0000E+00  4.5500E+00  4.4684E+00  1.0000E+00
  9.0000E+00  2.0000E+00  0.0000E+00  4.5500E+00  4.4684E+00  1.0000E+00
  9.0000E+00  2.0000E+00  0.0000E+00  4.5500E+00  4.4684E+00  1.0000E+00
  2.4300E+01  2.0000E+00  0.0000E+00  9.0000E-01  1.2225E+00  1.0000E+00
TABLE NO.  1
 TIME        CAT         DOSE        CP          IPRED       W
  0.0000E+00  1.0000E+00  3.2000E+02  0.0000E+00  0.0000E+00  1.0000E+00
  1.0000E-01  3.0000E+00  0.0000E+00  3.0000E+00  1.7363E+00  1.0000E+10
  2.7000E-01  2.0000E+00  0.0000E+00  1.7100E+00  3.9860E+00  1.0000E+00
  5.2000E-01  2.0000E+00  0.0000E+00  7.9100E+00  6.1342E+00  1.0000E+00
  1.0000E+00  2.0000E+00  0.0000E+00  8.3100E+00  8.0245E+00  1.0000E+00
  1.9200E+00  2.0000E+00  0.0000E+00  8.3300E+00  8.5020E+00  1.0000E+00
  1.9200E+00  2.0000E+00  0.0000E+00  8.3300E+00  8.5020E+00  1.0000E+00
  5.0200E+00  2.0000E+00  0.0000E+00  6.0800E+00  6.5101E+00  1.0000E+00
  7.0300E+00  2.0000E+00  0.0000E+00  5.4000E+00  5.3675E+00  1.0000E+00
  9.0000E+00  2.0000E+00  0.0000E+00  4.5500E+00  4.4421E+00  1.0000E+00
  9.0000E+00  2.0000E+00  0.0000E+00  4.5500E+00  4.4421E+00  1.0000E+00
  9.0000E+00  2.0000E+00  0.0000E+00  4.5500E+00  4.4421E+00  1.0000E+00
TABLE NO.  1
 TIME        CAT         DOSE        CP          IPRED       W
  0.0000E+00  1.0000E+00  3.2000E+02  0.0000E+00  0.0000E+00  1.0000E+00
  1.0000E-01  3.0000E+00  0.0000E+00  3.0000E+00  1.4780E+00  1.0000E+10
  2.7000E-01  2.0000E+00  0.0000E+00  1.7100E+00  3.5255E+00  1.0000E+00
  2.7000E-01  2.0000E+00  0.0000E+00  1.7100E+00  3.5255E+00  1.0000E+00
  5.2000E-01  2.0000E+00  0.0000E+00  7.9100E+00  5.6989E+00  1.0000E+00
  1.0000E+00  2.0000E+00  0.0000E+00  8.3100E+00  8.0124E+00  1.0000E+00
  1.0000E+00  2.0000E+00  0.0000E+00  8.3100E+00  8.0124E+00  1.0000E+00
  1.0000E+00  2.0000E+00  0.0000E+00  8.3100E+00  8.0124E+00  1.0000E+00
  1.9200E+00  2.0000E+00  0.0000E+00  8.3300E+00  9.1304E+00  1.0000E+00
  9.0000E+00  2.0000E+00  0.0000E+00  4.5500E+00  4.4147E+00  1.0000E+00
  1.2000E+01  2.0000E+00  0.0000E+00  3.0100E+00  3.1234E+00  1.0000E+00
  2.4300E+01  2.0000E+00  0.0000E+00  9.0000E-01  7.5596E-01  1.0000E+00
TABLE NO.  1
 TIME        CAT         DOSE        CP          IPRED       W
  0.0000E+00  1.0000E+00  3.2000E+02  0.0000E+00  0.0000E+00  1.0000E+00
  1.0000E-01  3.0000E+00  0.0000E+00  3.0000E+00  1.1499E+00  1.0000E+10
  2.7000E-01  2.0000E+00  0.0000E+00  1.7100E+00  2.8044E+00  1.0000E+00
  2.7000E-01  2.0000E+00  0.0000E+00  1.7100E+00  2.8044E+00  1.0000E+00
  1.0000E+00  2.0000E+00  0.0000E+00  8.3100E+00  6.8921E+00  1.0000E+00
  1.9200E+00  2.0000E+00  0.0000E+00  8.3300E+00  8.3668E+00  1.0000E+00
  1.9200E+00  2.0000E+00  0.0000E+00  8.3300E+00  8.3668E+00  1.0000E+00
  5.0200E+00  2.0000E+00  0.0000E+00  6.0800E+00  6.7720E+00  1.0000E+00
  7.0300E+00  2.0000E+00  0.0000E+00  5.4000E+00  5.3726E+00  1.0000E+00
  7.0300E+00  2.0000E+00  0.0000E+00  5.4000E+00  5.3726E+00  1.0000E+00
  9.0000E+00  2.0000E+00  0.0000E+00  4.5500E+00  4.2603E+00  1.0000E+00
  2.4300E+01  2.0000E+00  0.0000E+00  9.0000E-01  6.9880E-01  1.0000E+00
TABLE NO.  1
 TIME        CAT         DOSE        CP          IPRED       W
  0.0000E+00  1.0000E+00  3.2000E+02  0.0000E+00  0.0000E+00  1.0000E+00
  1.0000E-01  3.0000E+00  0.0000E+00  3.0000E+00  2.2602E+00  1.0000E+10
  1.0000E+00  2.0000E+00  0.0000E+00  8.3100E+00  8.3313E+00  1.0000E+00
  1.0000E+00  2.0000E+00  0.0000E+00  8.3100E+00  8.3313E+00  1.0000E+00
  1.9200E+00  2.0000E+00  0.0000E+00  8.3300E+00  8.1874E+00  1.0000E+00
  1.9200E+00  2.0000E+00  0.0000E+00  8.3300E+00  8.1874E+00  1.0000E+00
  3.5000E+00  2.0000E+00  0.0000E+00  6.8500E+00  7.1139E+00  1.0000E+00
  3.5000E+00  2.0000E+00  0.0000E+00  6.8500E+00  7.1139E+00  1.0000E+00
  7.0300E+00  2.0000E+00  0.0000E+00  5.4000E+00  5.1249E+00  1.0000E+00
  9.0000E+00  2.0000E+00  0.0000E+00  4.5500E+00  4.2676E+00  1.0000E+00
  1.2000E+01  2.0000E+00  0.0000E+00  3.0100E+00  3.2293E+00  1.0000E+00
  2.4300E+01  2.0000E+00  0.0000E+00  9.0000E-01  1.0297E+00  1.0000E+00
TABLE NO.  1
 TIME        CAT         DOSE        CP          IPRED       W
  0.0000E+00  1.0000E+00  3.2000E+02  0.0000E+00  0.0000E+00  1.0000E+00
  1.0000E-01  3.0000E+00  0.0000E+00  3.0000E+00  1.1080E+00  1.0000E+10
  2.7000E-01  2.0000E+00  0.0000E+00  1.7100E+00  2.6834E+00  1.0000E+00
  1.9200E+00  2.0000E+00  0.0000E+00  8.3300E+00  7.6807E+00  1.0000E+00
  1.9200E+00  2.0000E+00  0.0000E+00  8.3300E+00  7.6807E+00  1.0000E+00
  3.5000E+00  2.0000E+00  0.0000E+00  6.8500E+00  7.2116E+00  1.0000E+00
  3.5000E+00  2.0000E+00  0.0000E+00  6.8500E+00  7.2116E+00  1.0000E+00
  3.5000E+00  2.0000E+00  0.0000E+00  6.8500E+00  7.2116E+00  1.0000E+00
  1.2000E+01  2.0000E+00  0.0000E+00  3.0100E+00  2.9468E+00  1.0000E+00
  2.4300E+01  2.0000E+00  0.0000E+00  9.0000E-01  7.8240E-01  1.0000E+00
  2.4300E+01  2.0000E+00  0.0000E+00  9.0000E-01  7.8240E-01  1.0000E+00
  2.4300E+01  2.0000E+00  0.0000E+00  9.0000E-01  7.8240E-01  1.0000E+00
TABLE NO.  1
 TIME        CAT         DOSE        CP          IPRED       W
  0.0000E+00  1.0000E+00  3.2000E+02  0.0000E+00  0.0000E+00  1.0000E+00
  1.0000E-01  3.0000E+00  0.0000E+00  3.0000E+00  5.7268E+00  1.0000E+10
  1.9200E+00  2.0000E+00  0.0000E+00  8.3300E+00  8.2420E+00  1.0000E+00
  1.9200E+00  2.0000E+00  0.0000E+00  8.3300E+00  8.2420E+00  1.0000E+00
  3.5000E+00  2.0000E+00  0.0000E+00  6.8500E+00  7.0984E+00  1.0000E+00
  3.5000E+00  2.0000E+00  0.0000E+00  6.8500E+00  7.0984E+00  1.0000E+00
  5.0200E+00  2.0000E+00  0.0000E+00  6.0800E+00  6.1483E+00  1.0000E+00
  7.0300E+00  2.0000E+00  0.0000E+00  5.4000E+00  5.0843E+00  1.0000E+00
  7.0300E+00  2.0000E+00  0.0000E+00  5.4000E+00  5.0843E+00  1.0000E+00
  1.2000E+01  2.0000E+00  0.0000E+00  3.0100E+00  3.1781E+00  1.0000E+00
  2.4300E+01  2.0000E+00  0.0000E+00  9.0000E-01  9.9351E-01  1.0000E+00
  2.4300E+01  2.0000E+00  0.0000E+00  9.0000E-01  9.9351E-01  1.0000E+00
TABLE NO.  1
 TIME        CAT         DOSE        CP          IPRED       W
  0.0000E+00  1.0000E+00  3.2000E+02  0.0000E+00  0.0000E+00  1.0000E+00
  1.0000E-01  3.0000E+00  0.0000E+00  3.0000E+00  1.4516E+00  1.0000E+10
  2.7000E-01  2.0000E+00  0.0000E+00  1.7100E+00  3.4290E+00  1.0000E+00
  1.0000E+00  2.0000E+00  0.0000E+00  8.3100E+00  7.5500E+00  1.0000E+00
  1.0000E+00  2.0000E+00  0.0000E+00  8.3100E+00  7.5500E+00  1.0000E+00
  1.9200E+00  2.0000E+00  0.0000E+00  8.3300E+00  8.4299E+00  1.0000E+00
  3.5000E+00  2.0000E+00  0.0000E+00  6.8500E+00  7.5590E+00  1.0000E+00
  5.0200E+00  2.0000E+00  0.0000E+00  6.0800E+00  6.4593E+00  1.0000E+00
  7.0300E+00  2.0000E+00  0.0000E+00  5.4000E+00  5.2081E+00  1.0000E+00
  7.0300E+00  2.0000E+00  0.0000E+00  5.4000E+00  5.2081E+00  1.0000E+00
  7.0300E+00  2.0000E+00  0.0000E+00  5.4000E+00  5.2081E+00  1.0000E+00
  2.4300E+01  2.0000E+00  0.0000E+00  9.0000E-01  8.1365E-01  1.0000E+00
TABLE NO.  1
 TIME        CAT         DOSE        CP          IPRED       W
  0.0000E+00  1.0000E+00  3.2000E+02  0.0000E+00  0.0000E+00  1.0000E+00
  1.0000E-01  3.0000E+00  0.0000E+00  3.0000E+00  2.1290E+00  1.0000E+10
  1.0000E+00  2.0000E+00  0.0000E+00  8.3100E+00  8.3099E+00  1.0000E+00
  1.0000E+00  2.0000E+00  0.0000E+00  8.3100E+00  8.3099E+00  1.0000E+00
  1.0000E+00  2.0000E+00  0.0000E+00  8.3100E+00  8.3099E+00  1.0000E+00
  1.0000E+00  2.0000E+00  0.0000E+00  8.3100E+00  8.3099E+00  1.0000E+00
  1.9200E+00  2.0000E+00  0.0000E+00  8.3300E+00  8.3301E+00  1.0000E+00
  1.9200E+00  2.0000E+00  0.0000E+00  8.3300E+00  8.3301E+00  1.0000E+00
  1.9200E+00  2.0000E+00  0.0000E+00  8.3300E+00  8.3301E+00  1.0000E+00
  1.9200E+00  2.0000E+00  0.0000E+00  8.3300E+00  8.3301E+00  1.0000E+00
  7.0300E+00  2.0000E+00  0.0000E+00  5.4000E+00  5.3988E+00  1.0000E+00
  9.0000E+00  2.0000E+00  0.0000E+00  4.5500E+00  4.5511E+00  1.0000E+00
TABLE NO.  1
 TIME        CAT         DOSE        CP          IPRED       W
  0.0000E+00  1.0000E+00  3.2000E+02  0.0000E+00  0.0000E+00  1.0000E+00
  1.0000E-01  3.0000E+00  0.0000E+00  3.0000E+00  2.8767E+00  1.0000E+10
  5.2000E-01  2.0000E+00  0.0000E+00  7.9100E+00  7.8521E+00  1.0000E+00
  5.2000E-01  2.0000E+00  0.0000E+00  7.9100E+00  7.8521E+00  1.0000E+00
  1.0000E+00  2.0000E+00  0.0000E+00  8.3100E+00  8.6795E+00  1.0000E+00
  1.9200E+00  2.0000E+00  0.0000E+00  8.3300E+00  8.1707E+00  1.0000E+00
  1.9200E+00  2.0000E+00  0.0000E+00  8.3300E+00  8.1707E+00  1.0000E+00
  1.9200E+00  2.0000E+00  0.0000E+00  8.3300E+00  8.1707E+00  1.0000E+00
  3.5000E+00  2.0000E+00  0.0000E+00  6.8500E+00  7.0048E+00  1.0000E+00
  3.5000E+00  2.0000E+00  0.0000E+00  6.8500E+00  7.0048E+00  1.0000E+00
  5.0200E+00  2.0000E+00  0.0000E+00  6.0800E+00  6.0332E+00  1.0000E+00
  5.0200E+00  2.0000E+00  0.0000E+00  6.0800E+00  6.0332E+00  1.0000E+00
TABLE NO.  1
 TIME        CAT         DOSE        CP          IPRED       W
  0.0000E+00  1.0000E+00  3.2000E+02  0.0000E+00  0.0000E+00  1.0000E+00
  1.0000E-01  3.0000E+00  0.0000E+00  3.0000E+00  1.6808E+00  1.0000E+10
  2.7000E-01  2.0000E+00  0.0000E+00  1.7100E+00  3.9026E+00  1.0000E+00
  2.7000E-01  2.0000E+00  0.0000E+00  1.7100E+00  3.9026E+00  1.0000E+00
  5.2000E-01  2.0000E+00  0.0000E+00  7.9100E+00  6.0914E+00  1.0000E+00
  5.2000E-01  2.0000E+00  0.0000E+00  7.9100E+00  6.0914E+00  1.0000E+00
  1.0000E+00  2.0000E+00  0.0000E+00  8.3100E+00  8.1248E+00  1.0000E+00
  1.9200E+00  2.0000E+00  0.0000E+00  8.3300E+00  8.7427E+00  1.0000E+00
  1.9200E+00  2.0000E+00  0.0000E+00  8.3300E+00  8.7427E+00  1.0000E+00
  9.0000E+00  2.0000E+00  0.0000E+00  4.5500E+00  4.3115E+00  1.0000E+00
  1.2000E+01  2.0000E+00  0.0000E+00  3.0100E+00  3.1374E+00  1.0000E+00
  2.4300E+01  2.0000E+00  0.0000E+00  9.0000E-01  8.5215E-01  1.0000E+00
TABLE NO.  1
 TIME        CAT         DOSE        CP          IPRED       W
  0.0000E+00  1.0000E+00  3.2000E+02  0.0000E+00  0.0000E+00  1.0000E+00
  1.0000E-01  3.0000E+00  0.0000E+00  3.0000E+00  2.7877E+00  1.0000E+10
  5.2000E-01  2.0000E+00  0.0000E+00  7.9100E+00  7.7753E+00  1.0000E+00
  1.0000E+00  2.0000E+00  0.0000E+00  8.3100E+00  8.6959E+00  1.0000E+00
  1.9200E+00  2.0000E+00  0.0000E+00  8.3300E+00  8.2406E+00  1.0000E+00
  1.9200E+00  2.0000E+00  0.0000E+00  8.3300E+00  8.2406E+00  1.0000E+00
  1.9200E+00  2.0000E+00  0.0000E+00  8.3300E+00  8.2406E+00  1.0000E+00
  5.0200E+00  2.0000E+00  0.0000E+00  6.0800E+00  6.1277E+00  1.0000E+00
  9.0000E+00  2.0000E+00  0.0000E+00  4.5500E+00  4.1802E+00  1.0000E+00
  1.2000E+01  2.0000E+00  0.0000E+00  3.0100E+00  3.1332E+00  1.0000E+00
  1.2000E+01  2.0000E+00  0.0000E+00  3.0100E+00  3.1332E+00  1.0000E+00
  1.2000E+01  2.0000E+00  0.0000E+00  3.0100E+00  3.1332E+00  1.0000E+00
TABLE NO.  1
 TIME        CAT         DOSE        CP          IPRED       W
  0.0000E+00  1.0000E+00  3.2000E+02  0.0000E+00  0.0000E+00  1.0000E+00
  1.0000E-01  3.0000E+00  0.0000E+00  3.0000E+00  2.0980E+00  1.0000E+10
  2.7000E-01  2.0000E+00  0.0000E+00  1.7100E+00  4.6645E+00  1.0000E+00
  5.2000E-01  2.0000E+00  0.0000E+00  7.9100E+00  6.8953E+00  1.0000E+00
  5.2000E-01  2.0000E+00  0.0000E+00  7.9100E+00  6.8953E+00  1.0000E+00
  5.2000E-01  2.0000E+00  0.0000E+00  7.9100E+00  6.8953E+00  1.0000E+00
  1.0000E+00  2.0000E+00  0.0000E+00  8.3100E+00  8.5219E+00  1.0000E+00
  1.0000E+00  2.0000E+00  0.0000E+00  8.3100E+00  8.5219E+00  1.0000E+00
  1.9200E+00  2.0000E+00  0.0000E+00  8.3300E+00  8.5334E+00  1.0000E+00
  3.5000E+00  2.0000E+00  0.0000E+00  6.8500E+00  7.2942E+00  1.0000E+00
  5.0200E+00  2.0000E+00  0.0000E+00  6.0800E+00  6.1923E+00  1.0000E+00
  7.0300E+00  2.0000E+00  0.0000E+00  5.4000E+00  4.9839E+00  1.0000E+00
TABLE NO.  1
 TIME        CAT         DOSE        CP          IPRED       W
  0.0000E+00  1.0000E+00  3.2000E+02  0.0000E+00  0.0000E+00  1.0000E+00
  1.0000E-01  3.0000E+00  0.0000E+00  3.0000E+00  2.9902E+00  1.0000E+10
  5.2000E-01  2.0000E+00  0.0000E+00  7.9100E+00  7.7911E+00  1.0000E+00
  1.0000E+00  2.0000E+00  0.0000E+00  8.3100E+00  8.4589E+00  1.0000E+00
  1.0000E+00  2.0000E+00  0.0000E+00  8.3100E+00  8.4589E+00  1.0000E+00
  1.0000E+00  2.0000E+00  0.0000E+00  8.3100E+00  8.4589E+00  1.0000E+00
  1.9200E+00  2.0000E+00  0.0000E+00  8.3300E+00  7.9970E+00  1.0000E+00
  1.9200E+00  2.0000E+00  0.0000E+00  8.3300E+00  7.9970E+00  1.0000E+00
  3.5000E+00  2.0000E+00  0.0000E+00  6.8500E+00  7.0160E+00  1.0000E+00
  3.5000E+00  2.0000E+00  0.0000E+00  6.8500E+00  7.0160E+00  1.0000E+00
  5.0200E+00  2.0000E+00  0.0000E+00  6.0800E+00  6.1825E+00  1.0000E+00
  9.0000E+00  2.0000E+00  0.0000E+00  4.5500E+00  4.4396E+00  1.0000E+00
TABLE NO.  1
 TIME        CAT         DOSE        CP          IPRED       W
  0.0000E+00  1.0000E+00  3.2000E+02  0.0000E+00  0.0000E+00  1.0000E+00
  1.0000E-01  3.0000E+00  0.0000E+00  3.0000E+00  2.1134E+00  1.0000E+10
  2.7000E-01  2.0000E+00  0.0000E+00  1.7100E+00  4.6944E+00  1.0000E+00
  5.2000E-01  2.0000E+00  0.0000E+00  7.9100E+00  6.9310E+00  1.0000E+00
  5.2000E-01  2.0000E+00  0.0000E+00  7.9100E+00  6.9310E+00  1.0000E+00
  5.2000E-01  2.0000E+00  0.0000E+00  7.9100E+00  6.9310E+00  1.0000E+00
  1.0000E+00  2.0000E+00  0.0000E+00  8.3100E+00  8.5505E+00  1.0000E+00
  3.5000E+00  2.0000E+00  0.0000E+00  6.8500E+00  7.2845E+00  1.0000E+00
  3.5000E+00  2.0000E+00  0.0000E+00  6.8500E+00  7.2845E+00  1.0000E+00
  5.0200E+00  2.0000E+00  0.0000E+00  6.0800E+00  6.1707E+00  1.0000E+00
  7.0300E+00  2.0000E+00  0.0000E+00  5.4000E+00  4.9524E+00  1.0000E+00
  1.2000E+01  2.0000E+00  0.0000E+00  3.0100E+00  2.8749E+00  1.0000E+00
TABLE NO.  1
 TIME        CAT         DOSE        CP          IPRED       W
  0.0000E+00  1.0000E+00  3.2000E+02  0.0000E+00  0.0000E+00  1.0000E+00
  1.0000E-01  3.0000E+00  0.0000E+00  3.0000E+00  3.3871E+00  1.0000E+10
  5.2000E-01  2.0000E+00  0.0000E+00  7.9100E+00  7.9133E+00  1.0000E+00
  5.2000E-01  2.0000E+00  0.0000E+00  7.9100E+00  7.9133E+00  1.0000E+00
  5.2000E-01  2.0000E+00  0.0000E+00  7.9100E+00  7.9133E+00  1.0000E+00
  1.0000E+00  2.0000E+00  0.0000E+00  8.3100E+00  8.2502E+00  1.0000E+00
  3.5000E+00  2.0000E+00  0.0000E+00  6.8500E+00  6.8664E+00  1.0000E+00
  3.5000E+00  2.0000E+00  0.0000E+00  6.8500E+00  6.8664E+00  1.0000E+00
  3.5000E+00  2.0000E+00  0.0000E+00  6.8500E+00  6.8664E+00  1.0000E+00
  3.5000E+00  2.0000E+00  0.0000E+00  6.8500E+00  6.8664E+00  1.0000E+00
  5.0200E+00  2.0000E+00  0.0000E+00  6.0800E+00  6.1096E+00  1.0000E+00
  9.0000E+00  2.0000E+00  0.0000E+00  4.5500E+00  4.5002E+00  1.0000E+00
TABLE NO.  1
 TIME        CAT         DOSE        CP          IPRED       W
  0.0000E+00  1.0000E+00  3.2000E+02  0.0000E+00  0.0000E+00  1.0000E+00
  1.0000E-01  3.0000E+00  0.0000E+00  3.0000E+00  1.7897E+00  1.0000E+10
  2.7000E-01  2.0000E+00  0.0000E+00  1.7100E+00  4.0581E+00  1.0000E+00
  5.2000E-01  2.0000E+00  0.0000E+00  7.9100E+00  6.1502E+00  1.0000E+00
  1.0000E+00  2.0000E+00  0.0000E+00  8.3100E+00  7.8793E+00  1.0000E+00
  3.5000E+00  2.0000E+00  0.0000E+00  6.8500E+00  7.2563E+00  1.0000E+00
  3.5000E+00  2.0000E+00  0.0000E+00  6.8500E+00  7.2563E+00  1.0000E+00
  5.0200E+00  2.0000E+00  0.0000E+00  6.0800E+00  6.3232E+00  1.0000E+00
  7.0300E+00  2.0000E+00  0.0000E+00  5.4000E+00  5.2649E+00  1.0000E+00
  7.0300E+00  2.0000E+00  0.0000E+00  5.4000E+00  5.2649E+00  1.0000E+00
  9.0000E+00  2.0000E+00  0.0000E+00  4.5500E+00  4.3996E+00  1.0000E+00
  9.0000E+00  2.0000E+00  0.0000E+00  4.5500E+00  4.3996E+00  1.0000E+00
TABLE NO.  1
 TIME        CAT         DOSE        CP          IPRED       W
  0.0000E+00  1.0000E+00  3.2000E+02  0.0000E+00  0.0000E+00  1.0000E+00
  1.0000E-01  3.0000E+00  0.0000E+00  3.0000E+00  1.3545E+00  1.0000E+10
  2.7000E-01  2.0000E+00  0.0000E+00  1.7100E+00  3.1927E+00  1.0000E+00
  1.0000E+00  2.0000E+00  0.0000E+00  8.3100E+00  6.9932E+00  1.0000E+00
  3.5000E+00  2.0000E+00  0.0000E+00  6.8500E+00  7.1147E+00  1.0000E+00
  3.5000E+00  2.0000E+00  0.0000E+00  6.8500E+00  7.1147E+00  1.0000E+00
  3.5000E+00  2.0000E+00  0.0000E+00  6.8500E+00  7.1147E+00  1.0000E+00
  5.0200E+00  2.0000E+00  0.0000E+00  6.0800E+00  6.1934E+00  1.0000E+00
  5.0200E+00  2.0000E+00  0.0000E+00  6.0800E+00  6.1934E+00  1.0000E+00
  7.0300E+00  2.0000E+00  0.0000E+00  5.4000E+00  5.1239E+00  1.0000E+00
  9.0000E+00  2.0000E+00  0.0000E+00  4.5500E+00  4.2528E+00  1.0000E+00
  2.4300E+01  2.0000E+00  0.0000E+00  9.0000E-01  1.0002E+00  1.0000E+00
TABLE NO.  1
 TIME        CAT         DOSE        CP          IPRED       W
  0.0000E+00  1.0000E+00  3.2000E+02  0.0000E+00  0.0000E+00  1.0000E+00
  1.0000E-01  3.0000E+00  0.0000E+00  3.0000E+00  1.7810E+00  1.0000E+10
  2.7000E-01  2.0000E+00  0.0000E+00  1.7100E+00  4.0819E+00  1.0000E+00
  5.2000E-01  2.0000E+00  0.0000E+00  7.9100E+00  6.2658E+00  1.0000E+00
  1.0000E+00  2.0000E+00  0.0000E+00  8.3100E+00  8.1538E+00  1.0000E+00
  1.0000E+00  2.0000E+00  0.0000E+00  8.3100E+00  8.1538E+00  1.0000E+00
  1.0000E+00  2.0000E+00  0.0000E+00  8.3100E+00  8.1538E+00  1.0000E+00
  3.5000E+00  2.0000E+00  0.0000E+00  6.8500E+00  7.4050E+00  1.0000E+00
  5.0200E+00  2.0000E+00  0.0000E+00  6.0800E+00  6.2818E+00  1.0000E+00
  5.0200E+00  2.0000E+00  0.0000E+00  6.0800E+00  6.2818E+00  1.0000E+00
  9.0000E+00  2.0000E+00  0.0000E+00  4.5500E+00  4.0661E+00  1.0000E+00
  1.2000E+01  2.0000E+00  0.0000E+00  3.0100E+00  2.9292E+00  1.0000E+00
TABLE NO.  1
 TIME        CAT         DOSE        CP          IPRED       W
  0.0000E+00  1.0000E+00  3.2000E+02  0.0000E+00  0.0000E+00  1.0000E+00
  1.0000E-01  3.0000E+00  0.0000E+00  3.0000E+00  8.7079E-01  1.0000E+10
  2.7000E-01  2.0000E+00  0.0000E+00  1.7100E+00  2.1619E+00  1.0000E+00
  2.7000E-01  2.0000E+00  0.0000E+00  1.7100E+00  2.1619E+00  1.0000E+00
  2.7000E-01  2.0000E+00  0.0000E+00  1.7100E+00  2.1619E+00  1.0000E+00
  1.9200E+00  2.0000E+00  0.0000E+00  8.3300E+00  7.3422E+00  1.0000E+00
  5.0200E+00  2.0000E+00  0.0000E+00  6.0800E+00  6.5610E+00  1.0000E+00
  5.0200E+00  2.0000E+00  0.0000E+00  6.0800E+00  6.5610E+00  1.0000E+00
  9.0000E+00  2.0000E+00  0.0000E+00  4.5500E+00  4.3009E+00  1.0000E+00
  9.0000E+00  2.0000E+00  0.0000E+00  4.5500E+00  4.3009E+00  1.0000E+00
  1.2000E+01  2.0000E+00  0.0000E+00  3.0100E+00  3.0866E+00  1.0000E+00
  2.4300E+01  2.0000E+00  0.0000E+00  9.0000E-01  7.8958E-01  1.0000E+00
TABLE NO.  1
 TIME        CAT         DOSE        CP          IPRED       W
  0.0000E+00  1.0000E+00  3.2000E+02  0.0000E+00  0.0000E+00  1.0000E+00
  1.0000E-01  3.0000E+00  0.0000E+00  3.0000E+00  1.6977E+00  1.0000E+10
  2.7000E-01  2.0000E+00  0.0000E+00  1.7100E+00  3.9167E+00  1.0000E+00
  2.7000E-01  2.0000E+00  0.0000E+00  1.7100E+00  3.9167E+00  1.0000E+00
  5.2000E-01  2.0000E+00  0.0000E+00  7.9100E+00  6.0635E+00  1.0000E+00
  5.2000E-01  2.0000E+00  0.0000E+00  7.9100E+00  6.0635E+00  1.0000E+00
  1.9200E+00  2.0000E+00  0.0000E+00  8.3300E+00  8.4981E+00  1.0000E+00
  3.5000E+00  2.0000E+00  0.0000E+00  6.8500E+00  7.4501E+00  1.0000E+00
  5.0200E+00  2.0000E+00  0.0000E+00  6.0800E+00  6.3652E+00  1.0000E+00
  7.0300E+00  2.0000E+00  0.0000E+00  5.4000E+00  5.1554E+00  1.0000E+00
  9.0000E+00  2.0000E+00  0.0000E+00  4.5500E+00  4.1924E+00  1.0000E+00
  1.2000E+01  2.0000E+00  0.0000E+00  3.0100E+00  3.0599E+00  1.0000E+00
TABLE NO.  1
 TIME        CAT         DOSE        CP          IPRED       W
  0.0000E+00  1.0000E+00  3.2000E+02  0.0000E+00  0.0000E+00  1.0000E+00
  1.0000E-01  3.0000E+00  0.0000E+00  3.0000E+00  1.1468E+00  1.0000E+10
  2.7000E-01  2.0000E+00  0.0000E+00  1.7100E+00  2.7999E+00  1.0000E+00
  2.7000E-01  2.0000E+00  0.0000E+00  1.7100E+00  2.7999E+00  1.0000E+00
  1.0000E+00  2.0000E+00  0.0000E+00  8.3100E+00  6.9064E+00  1.0000E+00
  1.9200E+00  2.0000E+00  0.0000E+00  8.3300E+00  8.4064E+00  1.0000E+00
  5.0200E+00  2.0000E+00  0.0000E+00  6.0800E+00  6.7964E+00  1.0000E+00
  7.0300E+00  2.0000E+00  0.0000E+00  5.4000E+00  5.3715E+00  1.0000E+00
  7.0300E+00  2.0000E+00  0.0000E+00  5.4000E+00  5.3715E+00  1.0000E+00
  9.0000E+00  2.0000E+00  0.0000E+00  4.5500E+00  4.2419E+00  1.0000E+00
  1.2000E+01  2.0000E+00  0.0000E+00  3.0100E+00  2.9571E+00  1.0000E+00
  1.2000E+01  2.0000E+00  0.0000E+00  3.0100E+00  2.9571E+00  1.0000E+00
TABLE NO.  1
 TIME        CAT         DOSE        CP          IPRED       W
  0.0000E+00  1.0000E+00  3.2000E+02  0.0000E+00  0.0000E+00  1.0000E+00
  1.0000E-01  3.0000E+00  0.0000E+00  3.0000E+00  9.7219E-01  1.0000E+10
  2.7000E-01  2.0000E+00  0.0000E+00  1.7100E+00  2.3984E+00  1.0000E+00
  1.9200E+00  2.0000E+00  0.0000E+00  8.3300E+00  7.7716E+00  1.0000E+00
  5.0200E+00  2.0000E+00  0.0000E+00  6.0800E+00  6.6957E+00  1.0000E+00
  7.0300E+00  2.0000E+00  0.0000E+00  5.4000E+00  5.4001E+00  1.0000E+00
  7.0300E+00  2.0000E+00  0.0000E+00  5.4000E+00  5.4001E+00  1.0000E+00
  9.0000E+00  2.0000E+00  0.0000E+00  4.5500E+00  4.3351E+00  1.0000E+00
  9.0000E+00  2.0000E+00  0.0000E+00  4.5500E+00  4.3351E+00  1.0000E+00
  1.2000E+01  2.0000E+00  0.0000E+00  3.0100E+00  3.0947E+00  1.0000E+00
  1.2000E+01  2.0000E+00  0.0000E+00  3.0100E+00  3.0947E+00  1.0000E+00
  2.4300E+01  2.0000E+00  0.0000E+00  9.0000E-01  7.7572E-01  1.0000E+00
TABLE NO.  1
 TIME        CAT         DOSE        CP          IPRED       W
  0.0000E+00  1.0000E+00  3.2000E+02  0.0000E+00  0.0000E+00  1.0000E+00
  1.0000E-01  3.0000E+00  0.0000E+00  3.0000E+00  1.7295E+00  1.0000E+10
  2.7000E-01  2.0000E+00  0.0000E+00  1.7100E+00  3.9498E+00  1.0000E+00
  5.2000E-01  2.0000E+00  0.0000E+00  7.9100E+00  6.0389E+00  1.0000E+00
  1.9200E+00  2.0000E+00  0.0000E+00  8.3300E+00  8.2165E+00  1.0000E+00
  1.9200E+00  2.0000E+00  0.0000E+00  8.3300E+00  8.2165E+00  1.0000E+00
  3.5000E+00  2.0000E+00  0.0000E+00  6.8500E+00  7.2383E+00  1.0000E+00
  3.5000E+00  2.0000E+00  0.0000E+00  6.8500E+00  7.2383E+00  1.0000E+00
  5.0200E+00  2.0000E+00  0.0000E+00  6.0800E+00  6.2584E+00  1.0000E+00
  7.0300E+00  2.0000E+00  0.0000E+00  5.4000E+00  5.1549E+00  1.0000E+00
  9.0000E+00  2.0000E+00  0.0000E+00  4.5500E+00  4.2621E+00  1.0000E+00
  2.4300E+01  2.0000E+00  0.0000E+00  9.0000E-01  9.7299E-01  1.0000E+00
TABLE NO.  1
 TIME        CAT         DOSE        CP          IPRED       W
  0.0000E+00  1.0000E+00  3.2000E+02  0.0000E+00  0.0000E+00  1.0000E+00
  1.0000E-01  3.0000E+00  0.0000E+00  3.0000E+00  2.8218E+00  1.0000E+10
  5.2000E-01  2.0000E+00  0.0000E+00  7.9100E+00  7.9035E+00  1.0000E+00
  1.9200E+00  2.0000E+00  0.0000E+00  8.3300E+00  8.4337E+00  1.0000E+00
  1.9200E+00  2.0000E+00  0.0000E+00  8.3300E+00  8.4337E+00  1.0000E+00
  7.0300E+00  2.0000E+00  0.0000E+00  5.4000E+00  5.2583E+00  1.0000E+00
  7.0300E+00  2.0000E+00  0.0000E+00  5.4000E+00  5.2583E+00  1.0000E+00
  7.0300E+00  2.0000E+00  0.0000E+00  5.4000E+00  5.2583E+00  1.0000E+00
  7.0300E+00  2.0000E+00  0.0000E+00  5.4000E+00  5.2583E+00  1.0000E+00
  9.0000E+00  2.0000E+00  0.0000E+00  4.5500E+00  4.3798E+00  1.0000E+00
  1.2000E+01  2.0000E+00  0.0000E+00  3.0100E+00  3.3156E+00  1.0000E+00
  1.2000E+01  2.0000E+00  0.0000E+00  3.0100E+00  3.3156E+00  1.0000E+00
TABLE NO.  1
 TIME        CAT         DOSE        CP          IPRED       W
  0.0000E+00  1.0000E+00  3.2000E+02  0.0000E+00  0.0000E+00  1.0000E+00
  1.0000E-01  3.0000E+00  0.0000E+00  3.0000E+00  1.7354E+00  1.0000E+10
  2.7000E-01  2.0000E+00  0.0000E+00  1.7100E+00  4.0000E+00  1.0000E+00
  5.2000E-01  2.0000E+00  0.0000E+00  7.9100E+00  6.1864E+00  1.0000E+00
  1.0000E+00  2.0000E+00  0.0000E+00  8.3100E+00  8.1455E+00  1.0000E+00
  1.0000E+00  2.0000E+00  0.0000E+00  8.3100E+00  8.1455E+00  1.0000E+00
  1.9200E+00  2.0000E+00  0.0000E+00  8.3300E+00  8.6651E+00  1.0000E+00
  5.0200E+00  2.0000E+00  0.0000E+00  6.0800E+00  6.5516E+00  1.0000E+00
  7.0300E+00  2.0000E+00  0.0000E+00  5.4000E+00  5.3433E+00  1.0000E+00
  9.0000E+00  2.0000E+00  0.0000E+00  4.5500E+00  4.3750E+00  1.0000E+00
  9.0000E+00  2.0000E+00  0.0000E+00  4.5500E+00  4.3750E+00  1.0000E+00
  2.4300E+01  2.0000E+00  0.0000E+00  9.0000E-01  9.2587E-01  1.0000E+00
TABLE NO.  1
 TIME        CAT         DOSE        CP          IPRED       W
  0.0000E+00  1.0000E+00  3.2000E+02  0.0000E+00  0.0000E+00  1.0000E+00
  1.0000E-01  3.0000E+00  0.0000E+00  3.0000E+00  3.0256E+00  1.0000E+10
  5.2000E-01  2.0000E+00  0.0000E+00  7.9100E+00  7.8776E+00  1.0000E+00
  5.2000E-01  2.0000E+00  0.0000E+00  7.9100E+00  7.8776E+00  1.0000E+00
  1.0000E+00  2.0000E+00  0.0000E+00  8.3100E+00  8.5485E+00  1.0000E+00
  1.9200E+00  2.0000E+00  0.0000E+00  8.3300E+00  8.0767E+00  1.0000E+00
  3.5000E+00  2.0000E+00  0.0000E+00  6.8500E+00  7.0791E+00  1.0000E+00
  9.0000E+00  2.0000E+00  0.0000E+00  4.5500E+00  4.4647E+00  1.0000E+00
  9.0000E+00  2.0000E+00  0.0000E+00  4.5500E+00  4.4647E+00  1.0000E+00
  9.0000E+00  2.0000E+00  0.0000E+00  4.5500E+00  4.4647E+00  1.0000E+00
  9.0000E+00  2.0000E+00  0.0000E+00  4.5500E+00  4.4647E+00  1.0000E+00
  2.4300E+01  2.0000E+00  0.0000E+00  9.0000E-01  1.2386E+00  1.0000E+00
TABLE NO.  1
 TIME        CAT         DOSE        CP          IPRED       W
  0.0000E+00  1.0000E+00  3.2000E+02  0.0000E+00  0.0000E+00  1.0000E+00
  1.0000E-01  3.0000E+00  0.0000E+00  3.0000E+00  1.3366E+00  1.0000E+10
  2.7000E-01  2.0000E+00  0.0000E+00  1.7100E+00  3.1728E+00  1.0000E+00
  1.0000E+00  2.0000E+00  0.0000E+00  8.3100E+00  7.1065E+00  1.0000E+00
  3.5000E+00  2.0000E+00  0.0000E+00  6.8500E+00  7.3218E+00  1.0000E+00
  5.0200E+00  2.0000E+00  0.0000E+00  6.0800E+00  6.3144E+00  1.0000E+00
  5.0200E+00  2.0000E+00  0.0000E+00  6.0800E+00  6.3144E+00  1.0000E+00
  7.0300E+00  2.0000E+00  0.0000E+00  5.4000E+00  5.1469E+00  1.0000E+00
  9.0000E+00  2.0000E+00  0.0000E+00  4.5500E+00  4.2086E+00  1.0000E+00
  1.2000E+01  2.0000E+00  0.0000E+00  3.0100E+00  3.0974E+00  1.0000E+00
  2.4300E+01  2.0000E+00  0.0000E+00  9.0000E-01  8.8124E-01  1.0000E+00
  2.4300E+01  2.0000E+00  0.0000E+00  9.0000E-01  8.8124E-01  1.0000E+00
TABLE NO.  1
 TIME        CAT         DOSE        CP          IPRED       W
  0.0000E+00  1.0000E+00  3.2000E+02  0.0000E+00  0.0000E+00  1.0000E+00
  1.0000E-01  3.0000E+00  0.0000E+00  3.0000E+00  6.6869E-01  1.0000E+10
  2.7000E-01  2.0000E+00  0.0000E+00  1.7100E+00  1.6814E+00  1.0000E+00
  3.5000E+00  2.0000E+00  0.0000E+00  6.8500E+00  6.7674E+00  1.0000E+00
  5.0200E+00  2.0000E+00  0.0000E+00  6.0800E+00  6.2174E+00  1.0000E+00
  5.0200E+00  2.0000E+00  0.0000E+00  6.0800E+00  6.2174E+00  1.0000E+00
  9.0000E+00  2.0000E+00  0.0000E+00  4.5500E+00  4.2991E+00  1.0000E+00
  9.0000E+00  2.0000E+00  0.0000E+00  4.5500E+00  4.2991E+00  1.0000E+00
  1.2000E+01  2.0000E+00  0.0000E+00  3.0100E+00  3.1745E+00  1.0000E+00
  1.2000E+01  2.0000E+00  0.0000E+00  3.0100E+00  3.1745E+00  1.0000E+00
  2.4300E+01  2.0000E+00  0.0000E+00  9.0000E-01  9.0638E-01  1.0000E+00
  2.4300E+01  2.0000E+00  0.0000E+00  9.0000E-01  9.0638E-01  1.0000E+00
TABLE NO.  1
 TIME        CAT         DOSE        CP          IPRED       W
  0.0000E+00  1.0000E+00  3.2000E+02  0.0000E+00  0.0000E+00  1.0000E+00
  1.0000E-01  3.0000E+00  0.0000E+00  3.0000E+00  1.7502E+00  1.0000E+10
  2.7000E-01  2.0000E+00  0.0000E+00  1.7100E+00  4.0139E+00  1.0000E+00
  5.2000E-01  2.0000E+00  0.0000E+00  7.9100E+00  6.1677E+00  1.0000E+00
  1.0000E+00  2.0000E+00  0.0000E+00  8.3100E+00  8.0443E+00  1.0000E+00
  3.5000E+00  2.0000E+00  0.0000E+00  6.8500E+00  7.4175E+00  1.0000E+00
  5.0200E+00  2.0000E+00  0.0000E+00  6.0800E+00  6.3555E+00  1.0000E+00
  7.0300E+00  2.0000E+00  0.0000E+00  5.4000E+00  5.1704E+00  1.0000E+00
  9.0000E+00  2.0000E+00  0.0000E+00  4.5500E+00  4.2231E+00  1.0000E+00
  1.2000E+01  2.0000E+00  0.0000E+00  3.0100E+00  3.1030E+00  1.0000E+00
  2.4300E+01  2.0000E+00  0.0000E+00  9.0000E-01  8.7703E-01  1.0000E+00
  2.4300E+01  2.0000E+00  0.0000E+00  9.0000E-01  8.7703E-01  1.0000E+00
TABLE NO.  1
 TIME        CAT         DOSE        CP          IPRED       W
  0.0000E+00  1.0000E+00  3.2000E+02  0.0000E+00  0.0000E+00  1.0000E+00
  1.0000E-01  3.0000E+00  0.0000E+00  3.0000E+00  2.8504E+00  1.0000E+10
  5.2000E-01  2.0000E+00  0.0000E+00  7.9100E+00  7.9093E+00  1.0000E+00
  1.9200E+00  2.0000E+00  0.0000E+00  8.3300E+00  8.3528E+00  1.0000E+00
  5.0200E+00  2.0000E+00  0.0000E+00  6.0800E+00  6.2167E+00  1.0000E+00
  5.0200E+00  2.0000E+00  0.0000E+00  6.0800E+00  6.2167E+00  1.0000E+00
  7.0300E+00  2.0000E+00  0.0000E+00  5.4000E+00  5.1281E+00  1.0000E+00
  9.0000E+00  2.0000E+00  0.0000E+00  4.5500E+00  4.2464E+00  1.0000E+00
  1.2000E+01  2.0000E+00  0.0000E+00  3.0100E+00  3.1859E+00  1.0000E+00
  2.4300E+01  2.0000E+00  0.0000E+00  9.0000E-01  9.8092E-01  1.0000E+00
  2.4300E+01  2.0000E+00  0.0000E+00  9.0000E-01  9.8092E-01  1.0000E+00
  2.4300E+01  2.0000E+00  0.0000E+00  9.0000E-01  9.8092E-01  1.0000E+00
TABLE NO.  1
 TIME        CAT         DOSE        CP          IPRED       W
  0.0000E+00  1.0000E+00  3.2000E+02  0.0000E+00  0.0000E+00  1.0000E+00
  1.0000E-01  3.0000E+00  0.0000E+00  3.0000E+00  1.7155E+00  1.0000E+10
  1.0000E+00  2.0000E+00  0.0000E+00  8.3100E+00  8.3099E+00  1.0000E+00
  1.0000E+00  2.0000E+00  0.0000E+00  8.3100E+00  8.3099E+00  1.0000E+00
  1.0000E+00  2.0000E+00  0.0000E+00  8.3100E+00  8.3099E+00  1.0000E+00
  7.0300E+00  2.0000E+00  0.0000E+00  5.4000E+00  5.4149E+00  1.0000E+00
  7.0300E+00  2.0000E+00  0.0000E+00  5.4000E+00  5.4149E+00  1.0000E+00
  7.0300E+00  2.0000E+00  0.0000E+00  5.4000E+00  5.4149E+00  1.0000E+00
  9.0000E+00  2.0000E+00  0.0000E+00  4.5500E+00  4.3867E+00  1.0000E+00
  1.2000E+01  2.0000E+00  0.0000E+00  3.0100E+00  3.1832E+00  1.0000E+00
  2.4300E+01  2.0000E+00  0.0000E+00  9.0000E-01  8.5478E-01  1.0000E+00
  2.4300E+01  2.0000E+00  0.0000E+00  9.0000E-01  8.5478E-01  1.0000E+00
TABLE NO.  1
 TIME        CAT         DOSE        CP          IPRED       W
  0.0000E+00  1.0000E+00  3.2000E+02  0.0000E+00  0.0000E+00  1.0000E+00
  1.0000E-01  3.0000E+00  0.0000E+00  3.0000E+00  2.8996E+00  1.0000E+10
  5.2000E-01  2.0000E+00  0.0000E+00  7.9100E+00  7.8172E+00  1.0000E+00
  1.0000E+00  2.0000E+00  0.0000E+00  8.3100E+00  8.6151E+00  1.0000E+00
  1.9200E+00  2.0000E+00  0.0000E+00  8.3300E+00  8.1686E+00  1.0000E+00
  1.9200E+00  2.0000E+00  0.0000E+00  8.3300E+00  8.1686E+00  1.0000E+00
  3.5000E+00  2.0000E+00  0.0000E+00  6.8500E+00  7.1305E+00  1.0000E+00
  7.0300E+00  2.0000E+00  0.0000E+00  5.4000E+00  5.2515E+00  1.0000E+00
  7.0300E+00  2.0000E+00  0.0000E+00  5.4000E+00  5.2515E+00  1.0000E+00
  9.0000E+00  2.0000E+00  0.0000E+00  4.5500E+00  4.4274E+00  1.0000E+00
  9.0000E+00  2.0000E+00  0.0000E+00  4.5500E+00  4.4274E+00  1.0000E+00
  1.2000E+01  2.0000E+00  0.0000E+00  3.0100E+00  3.4139E+00  1.0000E+00
TABLE NO.  1
 TIME        CAT         DOSE        CP          IPRED       W
  0.0000E+00  1.0000E+00  3.2000E+02  0.0000E+00  0.0000E+00  1.0000E+00
  1.0000E-01  3.0000E+00  0.0000E+00  3.0000E+00  1.5002E+00  1.0000E+10
  2.7000E-01  2.0000E+00  0.0000E+00  1.7100E+00  3.5337E+00  1.0000E+00
  2.7000E-01  2.0000E+00  0.0000E+00  1.7100E+00  3.5337E+00  1.0000E+00
  5.2000E-01  2.0000E+00  0.0000E+00  7.9100E+00  5.6164E+00  1.0000E+00
  1.0000E+00  2.0000E+00  0.0000E+00  8.3100E+00  7.6837E+00  1.0000E+00
  1.9200E+00  2.0000E+00  0.0000E+00  8.3300E+00  8.4420E+00  1.0000E+00
  3.5000E+00  2.0000E+00  0.0000E+00  6.8500E+00  7.3599E+00  1.0000E+00
  5.0200E+00  2.0000E+00  0.0000E+00  6.0800E+00  6.1202E+00  1.0000E+00
  5.0200E+00  2.0000E+00  0.0000E+00  6.0800E+00  6.1202E+00  1.0000E+00
  2.4300E+01  2.0000E+00  0.0000E+00  9.0000E-01  5.4535E-01  1.0000E+00
  2.4300E+01  2.0000E+00  0.0000E+00  9.0000E-01  5.4535E-01  1.0000E+00
TABLE NO.  1
 TIME        CAT         DOSE        CP          IPRED       W
  0.0000E+00  1.0000E+00  3.2000E+02  0.0000E+00  0.0000E+00  1.0000E+00
  1.0000E-01  3.0000E+00  0.0000E+00  3.0000E+00  3.0436E+00  1.0000E+10
  5.2000E-01  2.0000E+00  0.0000E+00  7.9100E+00  7.8441E+00  1.0000E+00
  5.2000E-01  2.0000E+00  0.0000E+00  7.9100E+00  7.8441E+00  1.0000E+00
  1.0000E+00  2.0000E+00  0.0000E+00  8.3100E+00  8.4745E+00  1.0000E+00
  1.0000E+00  2.0000E+00  0.0000E+00  8.3100E+00  8.4745E+00  1.0000E+00
  1.0000E+00  2.0000E+00  0.0000E+00  8.3100E+00  8.4745E+00  1.0000E+00
  1.9200E+00  2.0000E+00  0.0000E+00  8.3300E+00  7.9965E+00  1.0000E+00
  5.0200E+00  2.0000E+00  0.0000E+00  6.0800E+00  6.1748E+00  1.0000E+00
  7.0300E+00  2.0000E+00  0.0000E+00  5.4000E+00  5.2202E+00  1.0000E+00
  9.0000E+00  2.0000E+00  0.0000E+00  4.5500E+00  4.4279E+00  1.0000E+00
  2.4300E+01  2.0000E+00  0.0000E+00  9.0000E-01  1.2331E+00  1.0000E+00
TABLE NO.  1
 TIME        CAT         DOSE        CP          IPRED       W
  0.0000E+00  1.0000E+00  3.2000E+02  0.0000E+00  0.0000E+00  1.0000E+00
  1.0000E-01  3.0000E+00  0.0000E+00  3.0000E+00  2.9999E+00  1.0000E+10
  5.2000E-01  2.0000E+00  0.0000E+00  7.9100E+00  7.7838E+00  1.0000E+00
  1.0000E+00  2.0000E+00  0.0000E+00  8.3100E+00  8.4258E+00  1.0000E+00
  1.0000E+00  2.0000E+00  0.0000E+00  8.3100E+00  8.4258E+00  1.0000E+00
  1.0000E+00  2.0000E+00  0.0000E+00  8.3100E+00  8.4258E+00  1.0000E+00
  1.0000E+00  2.0000E+00  0.0000E+00  8.3100E+00  8.4258E+00  1.0000E+00
  1.9200E+00  2.0000E+00  0.0000E+00  8.3300E+00  7.9348E+00  1.0000E+00
  3.5000E+00  2.0000E+00  0.0000E+00  6.8500E+00  6.9195E+00  1.0000E+00
  5.0200E+00  2.0000E+00  0.0000E+00  6.0800E+00  6.0623E+00  1.0000E+00
  9.0000E+00  2.0000E+00  0.0000E+00  4.5500E+00  4.2878E+00  1.0000E+00
  1.2000E+01  2.0000E+00  0.0000E+00  3.0100E+00  3.3027E+00  1.0000E+00
TABLE NO.  1
 TIME        CAT         DOSE        CP          IPRED       W
  0.0000E+00  1.0000E+00  3.2000E+02  0.0000E+00  0.0000E+00  1.0000E+00
  1.0000E-01  3.0000E+00  0.0000E+00  3.0000E+00  1.7112E+00  1.0000E+10
  2.7000E-01  2.0000E+00  0.0000E+00  1.7100E+00  3.9296E+00  1.0000E+00
  5.2000E-01  2.0000E+00  0.0000E+00  7.9100E+00  6.0477E+00  1.0000E+00
  1.9200E+00  2.0000E+00  0.0000E+00  8.3300E+00  8.3294E+00  1.0000E+00
  1.9200E+00  2.0000E+00  0.0000E+00  8.3300E+00  8.3294E+00  1.0000E+00
  1.9200E+00  2.0000E+00  0.0000E+00  8.3300E+00  8.3294E+00  1.0000E+00
  3.5000E+00  2.0000E+00  0.0000E+00  6.8500E+00  7.2698E+00  1.0000E+00
  5.0200E+00  2.0000E+00  0.0000E+00  6.0800E+00  6.2036E+00  1.0000E+00
  5.0200E+00  2.0000E+00  0.0000E+00  6.0800E+00  6.2036E+00  1.0000E+00
  7.0300E+00  2.0000E+00  0.0000E+00  5.4000E+00  5.0188E+00  1.0000E+00
  1.2000E+01  2.0000E+00  0.0000E+00  3.0100E+00  2.9708E+00  1.0000E+00
TABLE NO.  1
 TIME        CAT         DOSE        CP          IPRED       W
  0.0000E+00  1.0000E+00  3.2000E+02  0.0000E+00  0.0000E+00  1.0000E+00
  1.0000E-01  3.0000E+00  0.0000E+00  3.0000E+00  2.4280E+00  1.0000E+10
  1.0000E+00  2.0000E+00  0.0000E+00  8.3100E+00  8.3099E+00  1.0000E+00
  1.0000E+00  2.0000E+00  0.0000E+00  8.3100E+00  8.3099E+00  1.0000E+00
  1.0000E+00  2.0000E+00  0.0000E+00  8.3100E+00  8.3099E+00  1.0000E+00
  3.5000E+00  2.0000E+00  0.0000E+00  6.8500E+00  6.9758E+00  1.0000E+00
  5.0200E+00  2.0000E+00  0.0000E+00  6.0800E+00  6.0686E+00  1.0000E+00
  5.0200E+00  2.0000E+00  0.0000E+00  6.0800E+00  6.0686E+00  1.0000E+00
  5.0200E+00  2.0000E+00  0.0000E+00  6.0800E+00  6.0686E+00  1.0000E+00
  9.0000E+00  2.0000E+00  0.0000E+00  4.5500E+00  4.2133E+00  1.0000E+00
  1.2000E+01  2.0000E+00  0.0000E+00  3.0100E+00  3.2002E+00  1.0000E+00
  2.4300E+01  2.0000E+00  0.0000E+00  9.0000E-01  1.0362E+00  1.0000E+00
TABLE NO.  1
 TIME        CAT         DOSE        CP          IPRED       W
  0.0000E+00  1.0000E+00  3.2000E+02  0.0000E+00  0.0000E+00  1.0000E+00
  1.0000E-01  3.0000E+00  0.0000E+00  3.0000E+00  1.3718E+00  1.0000E+10
  2.7000E-01  2.0000E+00  0.0000E+00  1.7100E+00  3.2460E+00  1.0000E+00
  1.0000E+00  2.0000E+00  0.0000E+00  8.3100E+00  7.1959E+00  1.0000E+00
  1.9200E+00  2.0000E+00  0.0000E+00  8.3300E+00  8.0979E+00  1.0000E+00
  1.9200E+00  2.0000E+00  0.0000E+00  8.3300E+00  8.0979E+00  1.0000E+00
  3.5000E+00  2.0000E+00  0.0000E+00  6.8500E+00  7.3523E+00  1.0000E+00
  3.5000E+00  2.0000E+00  0.0000E+00  6.8500E+00  7.3523E+00  1.0000E+00
  5.0200E+00  2.0000E+00  0.0000E+00  6.0800E+00  6.3556E+00  1.0000E+00
  9.0000E+00  2.0000E+00  0.0000E+00  4.5500E+00  4.2727E+00  1.0000E+00
  9.0000E+00  2.0000E+00  0.0000E+00  4.5500E+00  4.2727E+00  1.0000E+00
  2.4300E+01  2.0000E+00  0.0000E+00  9.0000E-01  9.2554E-01  1.0000E+00
