       1    .27   320.   .
       1    .52   320.   .
       1   1.     320.   .
       1   1.92   320.   .
       1   3.5    320.   .
       1   5.02   320.   .
       1   7.03   320.   .
       1   9.     320.   .
       1  12.     320.   .
       1  24.3    320.   .
       2    .27   320.   .
       2    .52   320.   .
       2   1.     320.   .
       2   1.92   320.   .
       2   3.5    320.   .
       2   5.02   320.   .
       2   7.03   320.   .
       2   9.     320.   .
       2  12.     320.   .
       2  24.3    320.   .
       1    .27   320.   .
       1    .52   320.   .
       1   1.     320.   .
       1   1.92   320.   .
       1   3.5    320.   .
       1   5.02   320.   .
       1   7.03   320.   .
       1   9.     320.   .
       1  12.     320.   .
       1  24.3    320.   .
       2    .27   320.   .
       2    .52   320.   .
       2   1.     320.   .
       2   1.92   320.   .
       2   3.5    320.   .
       2   5.02   320.   .
       2   7.03   320.   .
       2   9.     320.   .
       2  12.     320.   .
       2  24.3    320.   .
       1    .27   320.   .
       1    .52   320.   .
       1   1.     320.   .
       1   1.92   320.   .
       1   3.5    320.   .
       1   5.02   320.   .
       1   7.03   320.   .
       1   9.     320.   .
       1  12.     320.   .
       1  24.3    320.   .
       2    .27   320.   .
       2    .52   320.   .
       2   1.     320.   .
       2   1.92   320.   .
       2   3.5    320.   .
       2   5.02   320.   .
       2   7.03   320.   .
       2   9.     320.   .
       2  12.     320.   .
       2  24.3    320.   .
       1    .27   320.   .
       1    .52   320.   .
       1   1.     320.   .
       1   1.92   320.   .
       1   3.5    320.   .
       1   5.02   320.   .
       1   7.03   320.   .
       1   9.     320.   .
       1  12.     320.   .
       1  24.3    320.   .
       2    .27   320.   .
       2    .52   320.   .
       2   1.     320.   .
       2   1.92   320.   .
       2   3.5    320.   .
       2   5.02   320.   .
       2   7.03   320.   .
       2   9.     320.   .
       2  12.     320.   .
       2  24.3    320.   .
       1    .27   320.   .
       1    .52   320.   .
       1   1.     320.   .
       1   1.92   320.   .
       1   3.5    320.   .
       1   5.02   320.   .
       1   7.03   320.   .
       1   9.     320.   .
       1  12.     320.   .
       1  24.3    320.   .
       2    .27   320.   .
       2    .52   320.   .
       2   1.     320.   .
       2   1.92   320.   .
       2   3.5    320.   .
       2   5.02   320.   .
       2   7.03   320.   .
       2   9.     320.   .
       2  12.     320.   .
       2  24.3    320.   .
       1    .27   320.   .
       1    .52   320.   .
       1   1.     320.   .
       1   1.92   320.   .
       1   3.5    320.   .
       1   5.02   320.   .
       1   7.03   320.   .
       1   9.     320.   .
       1  12.     320.   .
       1  24.3    320.   .
       2    .27   320.   .
       2    .52   320.   .
       2   1.     320.   .
       2   1.92   320.   .
       2   3.5    320.   .
       2   5.02   320.   .
       2   7.03   320.   .
       2   9.     320.   .
       2  12.     320.   .
       2  24.3    320.   .
       1    .27   320.   .
       1    .52   320.   .
       1   1.     320.   .
       1   1.92   320.   .
       1   3.5    320.   .
       1   5.02   320.   .
       1   7.03   320.   .
       1   9.     320.   .
       1  12.     320.   .
       1  24.3    320.   .
       2    .27   320.   .
       2    .52   320.   .
       2   1.     320.   .
       2   1.92   320.   .
       2   3.5    320.   .
       2   5.02   320.   .
       2   7.03   320.   .
       2   9.     320.   .
       2  12.     320.   .
       2  24.3    320.   .
       1    .27   320.   .
       1    .52   320.   .
       1   1.     320.   .
       1   1.92   320.   .
       1   3.5    320.   .
       1   5.02   320.   .
       1   7.03   320.   .
       1   9.     320.   .
       1  12.     320.   .
       1  24.3    320.   .
       2    .27   320.   .
       2    .52   320.   .
       2   1.     320.   .
       2   1.92   320.   .
       2   3.5    320.   .
       2   5.02   320.   .
       2   7.03   320.   .
       2   9.     320.   .
       2  12.     320.   .
       2  24.3    320.   .
       1    .27   320.   .
       1    .52   320.   .
       1   1.     320.   .
       1   1.92   320.   .
       1   3.5    320.   .
       1   5.02   320.   .
       1   7.03   320.   .
       1   9.     320.   .
       1  12.     320.   .
       1  24.3    320.   .
       2    .27   320.   .
       2    .52   320.   .
       2   1.     320.   .
       2   1.92   320.   .
       2   3.5    320.   .
       2   5.02   320.   .
       2   7.03   320.   .
       2   9.     320.   .
       2  12.     320.   .
       2  24.3    320.   .
       1    .27   320.   .
       1    .52   320.   .
       1   1.     320.   .
       1   1.92   320.   .
       1   3.5    320.   .
       1   5.02   320.   .
       1   7.03   320.   .
       1   9.     320.   .
       1  12.     320.   .
       1  24.3    320.   .
       2    .27   320.   .
       2    .52   320.   .
       2   1.     320.   .
       2   1.92   320.   .
       2   3.5    320.   .
       2   5.02   320.   .
       2   7.03   320.   .
       2   9.     320.   .
       2  12.     320.   .
       2  24.3    320.   .
       1    .27   320.   .
       1    .52   320.   .
       1   1.     320.   .
       1   1.92   320.   .
       1   3.5    320.   .
       1   5.02   320.   .
       1   7.03   320.   .
       1   9.     320.   .
       1  12.     320.   .
       1  24.3    320.   .
       2    .27   320.   .
       2    .52   320.   .
       2   1.     320.   .
       2   1.92   320.   .
       2   3.5    320.   .
       2   5.02   320.   .
       2   7.03   320.   .
       2   9.     320.   .
       2  12.     320.   .
       2  24.3    320.   .
       1    .27   320.   .
       1    .52   320.   .
       1   1.     320.   .
       1   1.92   320.   .
       1   3.5    320.   .
       1   5.02   320.   .
       1   7.03   320.   .
       1   9.     320.   .
       1  12.     320.   .
       1  24.3    320.   .
       2    .27   320.   .
       2    .52   320.   .
       2   1.     320.   .
       2   1.92   320.   .
       2   3.5    320.   .
       2   5.02   320.   .
       2   7.03   320.   .
       2   9.     320.   .
       2  12.     320.   .
       2  24.3    320.   .
       1    .27   320.   .
       1    .52   320.   .
       1   1.     320.   .
       1   1.92   320.   .
       1   3.5    320.   .
       1   5.02   320.   .
       1   7.03   320.   .
       1   9.     320.   .
       1  12.     320.   .
       1  24.3    320.   .
       2    .27   320.   .
       2    .52   320.   .
       2   1.     320.   .
       2   1.92   320.   .
       2   3.5    320.   .
       2   5.02   320.   .
       2   7.03   320.   .
       2   9.     320.   .
       2  12.     320.   .
       2  24.3    320.   .
       1    .27   320.   .
       1    .52   320.   .
       1   1.     320.   .
       1   1.92   320.   .
       1   3.5    320.   .
       1   5.02   320.   .
       1   7.03   320.   .
       1   9.     320.   .
       1  12.     320.   .
       1  24.3    320.   .
       2    .27   320.   .
       2    .52   320.   .
       2   1.     320.   .
       2   1.92   320.   .
       2   3.5    320.   .
       2   5.02   320.   .
       2   7.03   320.   .
       2   9.     320.   .
       2  12.     320.   .
       2  24.3    320.   .