TABLE NO.  2
 ID          CL          V1          Q           V2
  1.0000E+00  5.6909E+00  5.1272E+00  2.2009E+00  1.2622E+01
  2.0000E+00  3.2199E+00  8.6090E+00  2.0781E+00  1.8455E+01
  3.0000E+00  5.8831E+00  4.4865E+00  1.6707E+00  8.5422E+00
  4.0000E+00  4.4566E+00  6.2985E+00  1.6272E+00  7.3488E+00
  5.0000E+00  8.4989E+00  6.3632E+00  1.4970E+00  1.1981E+01
  6.0000E+00  6.5480E+00  4.4942E+00  2.0249E+00  1.1598E+01
  7.0000E+00  5.3120E+00  3.7412E+00  1.9912E+00  9.9133E+00
  8.0000E+00  6.5296E+00  3.7611E+00  2.0165E+00  2.1135E+01
  9.0000E+00  5.4960E+00  3.8604E+00  1.5798E+00  7.2986E+00
  1.0000E+01  8.7623E+00  6.2401E+00  4.8220E+00  7.5384E+00
  1.1000E+01  4.4352E+00  5.4919E+00  2.8016E+00  9.4578E+00
  1.2000E+01  5.9127E+00  5.6088E+00  2.1684E+00  1.5220E+01
  1.3000E+01  5.4035E+00  2.6851E+00  2.0310E+00  1.3215E+01
  1.4000E+01  5.7029E+00  5.6640E+00  3.9310E+00  9.1993E+00
  1.5000E+01  6.4087E+00  5.5721E+00  2.0639E+00  2.1155E+01
  1.6000E+01  5.7755E+00  5.6739E+00  1.4303E+00  1.0178E+01
  1.7000E+01  9.1220E+00  3.6453E+00  2.8333E+00  1.6029E+01
  1.8000E+01  1.0454E+01  5.8497E+00  2.1089E+00  8.5997E+00
  1.9000E+01  5.6694E+00  3.4965E+00  2.5656E+00  1.3789E+01
  2.0000E+01  7.8451E+00  3.9968E+00  1.1769E+00  9.4031E+00
  2.1000E+01  3.1126E+00  5.9832E+00  2.3277E+00  9.6620E+00
  2.2000E+01  3.7526E+00  5.0867E+00  1.4666E+00  1.0921E+01
  2.3000E+01  6.4687E+00  3.6249E+00  1.1261E+00  1.7391E+01
  2.4000E+01  3.9312E+00  7.0467E+00  2.1176E+00  9.2244E+00
  2.5000E+01  2.7471E+00  5.5857E+00  3.0021E+00  9.6327E+00
  2.6000E+01  1.1768E+01  5.1813E+00  2.6225E+00  8.1730E+00
  2.7000E+01  7.1685E+00  7.9945E+00  4.1135E+00  1.0594E+01
  2.8000E+01  1.9504E+01  2.9900E+00  2.9451E+00  8.1980E+00
  2.9000E+01  3.6752E+00  4.7947E+00  3.5484E+00  8.8732E+00
  3.0000E+01  7.2086E+00  4.4195E+00  2.0860E+00  8.8620E+00
  3.1000E+01  5.1029E+00  6.3031E+00  3.4765E+00  9.3852E+00
  3.2000E+01  8.8933E+00  5.6586E+00  3.0408E+00  1.1319E+01
  3.3000E+01  3.7360E+00  6.0025E+00  3.7524E+00  1.4818E+01
  3.4000E+01  9.8533E+00  5.9321E+00  9.3078E-01  1.0493E+01
  3.5000E+01  3.1602E+00  3.1783E+00  2.1252E+00  2.7387E+01
  3.6000E+01  5.3501E+00  8.0194E+00  3.0652E+00  9.6353E+00
  3.7000E+01  9.6947E+00  6.3388E+00  1.8753E+00  1.2393E+01
  3.8000E+01  7.5681E+00  3.9344E+00  3.5062E+00  9.2666E+00
  3.9000E+01  3.9001E+00  4.0010E+00  2.9138E+00  8.3999E+00
  4.0000E+01  3.6074E+00  3.5753E+00  2.0214E+00  9.2395E+00
  4.1000E+01  5.1858E+00  5.7334E+00  1.7037E+00  6.7060E+00
  4.2000E+01  2.9724E+00  2.3406E+00  2.1677E+00  1.3087E+01
  4.3000E+01  4.4503E+00  4.9042E+00  2.7166E+00  1.2644E+01
  4.4000E+01  4.4372E+00  4.3461E+00  3.2848E+00  1.2287E+01
  4.5000E+01  3.9467E+00  4.0788E+00  1.8171E+00  1.5958E+01
  4.6000E+01  3.6096E+00  3.6934E+00  2.9629E+00  1.4290E+01
  4.7000E+01  1.9422E+00  5.0878E+00  1.8342E+00  1.2284E+01
  4.8000E+01  3.8082E+00  4.2873E+00  1.4709E+00  7.4266E+00
  4.9000E+01  4.6682E+00  9.3109E+00  2.0022E+00  9.0476E+00
  5.0000E+01  4.2120E+00  5.6496E+00  1.5362E+00  2.0184E+01
  5.1000E+01  5.3429E+00  4.1571E+00  1.1944E+00  1.0919E+01
  5.2000E+01  4.2326E+00  3.7661E+00  1.8386E+00  8.9222E+00
  5.3000E+01  7.1734E+00  5.1467E+00  1.7583E+00  6.8225E+00
  5.4000E+01  5.5102E+00  8.1500E+00  2.8995E+00  1.1846E+01
  5.5000E+01  4.4385E+00  6.1034E+00  2.8315E+00  1.0538E+01
  5.6000E+01  5.2378E+00  7.6099E+00  2.8435E+00  8.2583E+00
  5.7000E+01  2.6183E+00  4.8373E+00  2.1180E+00  1.4717E+01
  5.8000E+01  1.1069E+01  3.3214E+00  3.2943E+00  6.6469E+00
  5.9000E+01  4.3853E+00  5.1731E+00  3.2325E+00  9.1361E+00
  6.0000E+01  7.0290E+00  6.2764E+00  2.0054E+00  9.3961E+00
  6.1000E+01  4.3179E+00  6.6998E+00  3.2889E+00  1.0720E+01
  6.2000E+01  6.2779E+00  3.9912E+00  2.2379E+00  9.8777E+00
  6.3000E+01  5.0831E+00  3.7393E+00  2.2456E+00  7.3619E+00
  6.4000E+01  4.4615E+00  6.5990E+00  2.0763E+00  7.9042E+00
  6.5000E+01  4.8083E+00  5.2036E+00  2.2179E+00  1.2281E+01
  6.6000E+01  3.3696E+00  4.7168E+00  4.6875E+00  1.3571E+01
  6.7000E+01  7.9746E+00  4.5839E+00  4.7634E+00  6.1381E+00
  6.8000E+01  6.4618E+00  3.6330E+00  1.6846E+00  7.0918E+00
  6.9000E+01  3.4237E+00  4.5903E+00  2.4502E+00  1.8260E+01
  7.0000E+01  5.3487E+00  3.9764E+00  2.8716E+00  1.2606E+01
  7.1000E+01  4.7925E+00  3.4683E+00  1.5025E+00  9.0487E+00
  7.2000E+01  6.5828E+00  5.3924E+00  3.9794E+00  1.6133E+01
  7.3000E+01  3.3757E+00  5.2477E+00  1.4165E+00  1.2117E+01
  7.4000E+01  3.1012E+00  5.4372E+00  2.0304E+00  6.6121E+00
  7.5000E+01  8.8316E+00  5.1387E+00  1.1771E+00  1.2812E+01
  7.6000E+01  7.0699E+00  6.5641E+00  1.9376E+00  2.4195E+01
  7.7000E+01  5.2515E+00  4.1929E+00  1.8768E+00  7.4132E+00
  7.8000E+01  5.7677E+00  3.0937E+00  2.7101E+00  1.2245E+01
  7.9000E+01  5.2032E+00  5.6592E+00  2.2094E+00  1.6550E+01
  8.0000E+01  4.6742E+00  5.3265E+00  4.4020E+00  6.9354E+00
  8.1000E+01  1.0369E+01  4.4554E+00  1.5960E+00  1.0605E+01
  8.2000E+01  3.3673E+00  6.0204E+00  2.2048E+00  2.4330E+01
  8.3000E+01  7.1962E+00  5.6965E+00  2.7595E+00  1.0054E+01
  8.4000E+01  4.8107E+00  3.5534E+00  2.5007E+00  1.3415E+01
  8.5000E+01  6.7680E+00  7.7514E+00  2.4262E+00  1.6667E+01
  8.6000E+01  1.0425E+01  5.2809E+00  2.3780E+00  1.0877E+01
  8.7000E+01  3.6360E+00  9.7272E+00  2.7448E+00  9.5656E+00
  8.8000E+01  2.6834E+00  4.3554E+00  2.3373E+00  1.6890E+01
  8.9000E+01  6.2580E+00  3.9850E+00  1.9617E+00  6.0828E+00
  9.0000E+01  3.3448E+00  9.5438E+00  2.6875E+00  1.0420E+01
  9.1000E+01  5.6120E+00  2.5230E+00  2.6715E+00  9.4716E+00
  9.2000E+01  7.1997E+00  5.1569E+00  2.4656E+00  9.1470E+00
  9.3000E+01  1.2673E+01  4.1335E+00  2.0569E+00  8.5624E+00
  9.4000E+01  5.1360E+00  4.3027E+00  1.5629E+00  8.7057E+00
  9.5000E+01  4.2073E+00  3.3962E+00  1.8720E+00  9.7173E+00
  9.6000E+01  5.4476E+00  5.9335E+00  2.2878E+00  1.1534E+01
  9.7000E+01  5.7971E+00  6.6627E+00  1.8104E+00  1.0779E+01
  9.8000E+01  9.1943E+00  4.8246E+00  1.8829E+00  1.1371E+01
  9.9000E+01  5.7779E+00  3.8136E+00  2.0930E+00  4.4295E+00
  1.0000E+02  5.7617E+00  7.3584E+00  2.4213E+00  1.4059E+01
