TABLE NO.  1
 ID          V           K           BESTSUB
  1.0000E+00  4.2433E+01  9.3662E-02  1.0000E+00
  2.0000E+00  6.6534E+01  1.1262E-01  1.0000E+00
  3.0000E+00  6.1668E+01  5.0276E-01  2.0000E+00
  4.0000E+00  7.4587E+01  9.5482E-02  1.0000E+00
  5.0000E+00  5.0625E+01  1.1113E-01  1.0000E+00
  6.0000E+00  5.9876E+01  4.2720E-01  2.0000E+00
  7.0000E+00  5.8508E+01  1.3610E-01  1.0000E+00
  8.0000E+00  6.9308E+01  1.2559E-01  1.0000E+00
  9.0000E+00  7.0448E+01  4.0392E-01  2.0000E+00
  1.0000E+01  6.2197E+01  1.2000E-01  1.0000E+00
  1.1000E+01  7.4701E+01  8.9450E-02  1.0000E+00
  1.2000E+01  7.6044E+01  7.6652E-01  2.0000E+00
  1.3000E+01  6.9676E+01  9.4315E-02  1.0000E+00
  1.4000E+01  6.4067E+01  1.4138E-01  1.0000E+00
  1.5000E+01  5.3923E+01  8.0854E-01  2.0000E+00
  1.6000E+01  6.7635E+01  1.2107E-01  1.0000E+00
  1.7000E+01  1.0518E+02  1.0739E-01  1.0000E+00
  1.8000E+01  9.1576E+01  5.1767E-01  2.0000E+00
  1.9000E+01  9.4716E+01  7.6707E-02  1.0000E+00
  2.0000E+01  8.7512E+01  7.7071E-02  1.0000E+00
  2.1000E+01  5.7781E+01  4.5237E-01  2.0000E+00
  2.2000E+01  6.9630E+01  1.0151E-01  1.0000E+00
  2.3000E+01  5.8963E+01  1.5230E-01  1.0000E+00
  2.4000E+01  5.9655E+01  8.3048E-01  2.0000E+00
  2.5000E+01  6.0323E+01  1.0136E-01  1.0000E+00
  2.6000E+01  7.3017E+01  1.1475E-01  1.0000E+00
  2.7000E+01  6.6592E+01  4.7002E-01  2.0000E+00
  2.8000E+01  7.1897E+01  1.0585E-01  1.0000E+00
  2.9000E+01  7.1601E+01  1.1429E-01  1.0000E+00
  3.0000E+01  5.1493E+01  3.3186E-01  2.0000E+00
  3.1000E+01  4.8919E+01  1.1613E-01  1.0000E+00
  3.2000E+01  9.2086E+01  1.1539E-01  1.0000E+00
  3.3000E+01  5.8832E+01  5.1238E-01  2.0000E+00
  3.4000E+01  7.7010E+01  1.0821E-01  1.0000E+00
  3.5000E+01  6.5991E+01  9.3087E-02  1.0000E+00
  3.6000E+01  7.3862E+01  2.8765E-01  2.0000E+00
  3.7000E+01  7.7354E+01  1.1107E-01  1.0000E+00
  3.8000E+01  6.3286E+01  9.9981E-02  1.0000E+00
  3.9000E+01  7.8039E+01  6.8947E-01  2.0000E+00
  4.0000E+01  5.9168E+01  9.6778E-02  1.0000E+00
  4.1000E+01  7.5587E+01  9.6442E-02  1.0000E+00
  4.2000E+01  6.8646E+01  6.6638E-01  2.0000E+00
  4.3000E+01  7.8781E+01  8.7421E-02  1.0000E+00
  4.4000E+01  5.5840E+01  9.4270E-02  1.0000E+00
  4.5000E+01  6.8287E+01  5.5330E-01  2.0000E+00
  4.6000E+01  6.5720E+01  1.0025E-01  1.0000E+00
  4.7000E+01  8.7378E+01  1.3317E-01  1.0000E+00
  4.8000E+01  1.2978E+02  3.6595E-01  2.0000E+00
  4.9000E+01  8.1477E+01  8.8859E-02  1.0000E+00
  5.0000E+01  7.8723E+01  9.7803E-02  1.0000E+00
  5.1000E+01  1.0481E+02  4.8447E-01  2.0000E+00
  5.2000E+01  9.4525E+01  9.9324E-02  1.0000E+00
  5.3000E+01  8.1156E+01  9.5068E-02  1.0000E+00
  5.4000E+01  7.3648E+01  3.7873E-01  2.0000E+00
  5.5000E+01  6.8180E+01  9.1546E-02  1.0000E+00
  5.6000E+01  6.6728E+01  1.1609E-01  1.0000E+00
  5.7000E+01  1.0471E+02  4.8610E-01  2.0000E+00
  5.8000E+01  6.7716E+01  1.0355E-01  1.0000E+00
  5.9000E+01  9.8846E+01  9.6917E-02  1.0000E+00
  6.0000E+01  7.6799E+01  6.5153E-01  2.0000E+00
  6.1000E+01  1.0345E+02  9.4213E-02  1.0000E+00
  6.2000E+01  7.5324E+01  1.0488E-01  1.0000E+00
  6.3000E+01  9.1366E+01  4.2146E-01  2.0000E+00
  6.4000E+01  6.6433E+01  1.6327E-01  1.0000E+00
  6.5000E+01  9.1332E+01  9.2213E-02  1.0000E+00
  6.6000E+01  6.9846E+01  4.7612E-01  2.0000E+00
  6.7000E+01  6.0431E+01  1.2456E-01  1.0000E+00
  6.8000E+01  9.4976E+01  1.1416E-01  1.0000E+00
  6.9000E+01  7.9517E+01  5.5052E-01  2.0000E+00
  7.0000E+01  8.2742E+01  8.4724E-02  1.0000E+00
  7.1000E+01  1.0214E+02  8.1008E-02  1.0000E+00
  7.2000E+01  8.5158E+01  2.9581E-01  2.0000E+00
  7.3000E+01  5.8321E+01  1.2592E-01  1.0000E+00
  7.4000E+01  1.2145E+02  9.6945E-02  1.0000E+00
  7.5000E+01  6.7722E+01  6.6292E-01  2.0000E+00
  7.6000E+01  7.1981E+01  9.3553E-02  1.0000E+00
  7.7000E+01  5.7073E+01  1.1472E-01  1.0000E+00
  7.8000E+01  6.6017E+01  8.2213E-01  2.0000E+00
  7.9000E+01  5.9243E+01  1.3118E-01  1.0000E+00
  8.0000E+01  6.2000E+01  1.1556E-01  1.0000E+00
  8.1000E+01  6.0912E+01  5.2007E-01  2.0000E+00
  8.2000E+01  1.0100E+02  8.6857E-02  1.0000E+00
  8.3000E+01  1.1587E+02  1.1310E-01  1.0000E+00
  8.4000E+01  9.2780E+01  4.0843E-01  2.0000E+00
  8.5000E+01  8.1777E+01  8.6717E-02  1.0000E+00
  8.6000E+01  6.0306E+01  1.0495E-01  1.0000E+00
  8.7000E+01  5.8020E+01  4.9695E-01  2.0000E+00
  8.8000E+01  5.8780E+01  1.0948E-01  1.0000E+00
  8.9000E+01  7.6192E+01  9.9805E-02  1.0000E+00
  9.0000E+01  7.3967E+01  5.0808E-01  2.0000E+00
  9.1000E+01  6.3347E+01  8.7876E-02  1.0000E+00
  9.2000E+01  6.2419E+01  9.4424E-02  1.0000E+00
  9.3000E+01  8.5708E+01  2.8262E-01  2.0000E+00
  9.4000E+01  6.2684E+01  1.1872E-01  1.0000E+00
  9.5000E+01  8.7528E+01  9.7902E-02  1.0000E+00
  9.6000E+01  8.8164E+01  3.9390E-01  2.0000E+00
  9.7000E+01  5.2706E+01  1.1119E-01  1.0000E+00
  9.8000E+01  1.0188E+02  9.4718E-02  1.0000E+00
  9.9000E+01  6.3124E+01  7.5087E-01  2.0000E+00
  1.0000E+02  1.0037E+02  9.5822E-02  1.0000E+00
  1.0100E+02  7.2123E+01  9.7485E-02  1.0000E+00
  1.0200E+02  9.0444E+01  5.5638E-01  2.0000E+00
  1.0300E+02  9.7494E+01  7.7625E-02  1.0000E+00
  1.0400E+02  7.0642E+01  1.1013E-01  1.0000E+00
  1.0500E+02  1.0771E+02  4.7208E-01  2.0000E+00
  1.0600E+02  7.7243E+01  1.1888E-01  1.0000E+00
  1.0700E+02  5.4927E+01  7.8842E-02  1.0000E+00
  1.0800E+02  4.9944E+01  6.7096E-01  2.0000E+00
  1.0900E+02  4.8742E+01  9.8569E-02  1.0000E+00
  1.1000E+02  7.2677E+01  9.8868E-02  1.0000E+00
  1.1100E+02  8.7002E+01  3.7948E-01  2.0000E+00
  1.1200E+02  8.7734E+01  9.9581E-02  1.0000E+00
  1.1300E+02  6.4352E+01  8.7544E-02  1.0000E+00
  1.1400E+02  7.1837E+01  5.3310E-01  2.0000E+00
  1.1500E+02  9.8170E+01  8.2416E-02  1.0000E+00
  1.1600E+02  7.2043E+01  9.4181E-02  1.0000E+00
  1.1700E+02  6.4906E+01  4.9850E-01  2.0000E+00
  1.1800E+02  9.5280E+01  9.3959E-02  1.0000E+00
  1.1900E+02  7.0639E+01  1.1057E-01  1.0000E+00
  1.2000E+02  7.3930E+01  6.2447E-01  2.0000E+00
  1.2100E+02  6.2551E+01  1.0640E-01  1.0000E+00
  1.2200E+02  4.6938E+01  1.0485E-01  1.0000E+00
  1.2300E+02  5.4878E+01  4.7969E-01  2.0000E+00
  1.2400E+02  6.3252E+01  1.0242E-01  1.0000E+00
  1.2500E+02  7.8567E+01  1.0931E-01  1.0000E+00
  1.2600E+02  7.0780E+01  5.3423E-01  2.0000E+00
  1.2700E+02  8.7642E+01  7.4333E-02  1.0000E+00
  1.2800E+02  9.4471E+01  9.2935E-02  1.0000E+00
  1.2900E+02  8.3579E+01  4.5829E-01  2.0000E+00
  1.3000E+02  5.4579E+01  1.0568E-01  1.0000E+00
  1.3100E+02  5.7242E+01  1.5834E-01  1.0000E+00
  1.3200E+02  1.1359E+02  7.2569E-01  2.0000E+00
  1.3300E+02  6.0851E+01  9.2497E-02  1.0000E+00
  1.3400E+02  5.3026E+01  9.3922E-02  1.0000E+00
  1.3500E+02  6.0143E+01  4.2444E-01  2.0000E+00
  1.3600E+02  6.4937E+01  8.2880E-02  1.0000E+00
  1.3700E+02  6.7619E+01  1.0646E-01  1.0000E+00
  1.3800E+02  6.7353E+01  5.6577E-01  2.0000E+00
  1.3900E+02  6.5120E+01  8.4713E-02  1.0000E+00
  1.4000E+02  7.8637E+01  1.0432E-01  1.0000E+00
  1.4100E+02  5.5832E+01  7.2032E-01  2.0000E+00
  1.4200E+02  6.6052E+01  8.6968E-02  1.0000E+00
  1.4300E+02  6.6541E+01  7.7117E-02  1.0000E+00
  1.4400E+02  7.5602E+01  3.4942E-01  2.0000E+00
  1.4500E+02  6.0673E+01  8.9777E-02  1.0000E+00
  1.4600E+02  7.4067E+01  6.8629E-02  1.0000E+00
  1.4700E+02  7.2412E+01  5.6150E-01  2.0000E+00
  1.4800E+02  6.4590E+01  9.1397E-02  1.0000E+00
  1.4900E+02  6.0127E+01  1.1303E-01  1.0000E+00
  1.5000E+02  6.6721E+01  6.1653E-01  2.0000E+00
  1.5100E+02  7.3721E+01  8.5372E-02  1.0000E+00
  1.5200E+02  9.1242E+01  8.7119E-02  1.0000E+00
  1.5300E+02  9.4787E+01  5.0098E-01  2.0000E+00
  1.5400E+02  4.2782E+01  1.6686E-01  1.0000E+00
  1.5500E+02  7.4162E+01  1.0889E-01  1.0000E+00
  1.5600E+02  1.0107E+02  4.1212E-01  2.0000E+00
  1.5700E+02  5.5683E+01  9.7895E-02  1.0000E+00
  1.5800E+02  7.9389E+01  1.3476E-01  1.0000E+00
  1.5900E+02  6.9068E+01  6.5052E-01  2.0000E+00
  1.6000E+02  5.2341E+01  9.8853E-02  1.0000E+00
  1.6100E+02  7.9744E+01  8.1554E-02  1.0000E+00
  1.6200E+02  7.6299E+01  6.8279E-01  2.0000E+00
  1.6300E+02  4.7339E+01  1.1299E-01  1.0000E+00
  1.6400E+02  4.3976E+01  9.4136E-02  1.0000E+00
  1.6500E+02  8.5287E+01  6.1458E-01  2.0000E+00
  1.6600E+02  5.1896E+01  9.8701E-02  1.0000E+00
  1.6700E+02  6.2179E+01  1.3101E-01  1.0000E+00
  1.6800E+02  8.4434E+01  4.7619E-01  2.0000E+00
  1.6900E+02  6.9914E+01  1.1522E-01  1.0000E+00
  1.7000E+02  8.7713E+01  9.2286E-02  1.0000E+00
  1.7100E+02  4.0116E+01  5.1632E-01  2.0000E+00
  1.7200E+02  6.0837E+01  8.0554E-02  1.0000E+00
  1.7300E+02  7.5482E+01  1.0269E-01  1.0000E+00
  1.7400E+02  7.2925E+01  4.4961E-01  2.0000E+00
  1.7500E+02  5.7977E+01  1.0028E-01  1.0000E+00
  1.7600E+02  5.2175E+01  1.5001E-01  1.0000E+00
  1.7700E+02  6.3990E+01  5.8513E-01  2.0000E+00
  1.7800E+02  6.0216E+01  1.0564E-01  1.0000E+00
  1.7900E+02  6.7392E+01  1.1374E-01  1.0000E+00
  1.8000E+02  6.5795E+01  5.3911E-01  2.0000E+00
  1.8100E+02  6.2246E+01  9.8189E-02  1.0000E+00
  1.8200E+02  5.5011E+01  1.1534E-01  1.0000E+00
  1.8300E+02  6.7937E+01  5.2903E-01  2.0000E+00
  1.8400E+02  5.8160E+01  1.0307E-01  1.0000E+00
  1.8500E+02  5.4633E+01  1.1151E-01  1.0000E+00
  1.8600E+02  7.7405E+01  6.3595E-01  2.0000E+00
  1.8700E+02  6.2836E+01  1.0942E-01  1.0000E+00
  1.8800E+02  8.4481E+01  9.7486E-02  1.0000E+00
  1.8900E+02  7.7808E+01  4.9035E-01  2.0000E+00
  1.9000E+02  7.5108E+01  9.8619E-02  1.0000E+00
  1.9100E+02  6.0466E+01  1.0348E-01  1.0000E+00
  1.9200E+02  6.7287E+01  3.6613E-01  2.0000E+00
  1.9300E+02  6.1455E+01  1.0426E-01  1.0000E+00
  1.9400E+02  6.1460E+01  9.6836E-02  1.0000E+00
  1.9500E+02  6.0842E+01  4.0800E-01  2.0000E+00
  1.9600E+02  7.5566E+01  1.2630E-01  1.0000E+00
  1.9700E+02  6.2586E+01  9.4622E-02  1.0000E+00
  1.9800E+02  8.8641E+01  3.2838E-01  2.0000E+00
  1.9900E+02  5.6690E+01  1.0126E-01  1.0000E+00
  2.0000E+02  6.3452E+01  9.7778E-02  1.0000E+00
  2.0100E+02  9.5801E+01  5.8080E-01  2.0000E+00
  2.0200E+02  5.2689E+01  1.0162E-01  1.0000E+00
  2.0300E+02  6.7717E+01  9.0959E-02  1.0000E+00
  2.0400E+02  7.8040E+01  4.9169E-01  2.0000E+00
  2.0500E+02  6.0954E+01  9.8493E-02  1.0000E+00
  2.0600E+02  9.0558E+01  7.7394E-02  1.0000E+00
  2.0700E+02  8.7544E+01  4.7129E-01  2.0000E+00
  2.0800E+02  4.1199E+01  9.4970E-02  1.0000E+00
  2.0900E+02  9.7355E+01  9.8904E-02  1.0000E+00
  2.1000E+02  5.6509E+01  5.1746E-01  2.0000E+00
  2.1100E+02  7.4840E+01  8.6598E-02  1.0000E+00
  2.1200E+02  8.3136E+01  9.5142E-02  1.0000E+00
  2.1300E+02  7.2393E+01  4.1465E-01  2.0000E+00
  2.1400E+02  6.1943E+01  7.9260E-02  1.0000E+00
  2.1500E+02  6.5307E+01  9.5719E-02  1.0000E+00
  2.1600E+02  4.8141E+01  3.8332E-01  2.0000E+00
  2.1700E+02  8.6900E+01  1.0109E-01  1.0000E+00
  2.1800E+02  8.2182E+01  9.5434E-02  1.0000E+00
  2.1900E+02  7.7632E+01  5.1206E-01  2.0000E+00
  2.2000E+02  8.2962E+01  9.1641E-02  1.0000E+00
  2.2100E+02  6.1037E+01  1.0426E-01  1.0000E+00
  2.2200E+02  8.5074E+01  3.9496E-01  2.0000E+00
  2.2300E+02  4.9756E+01  1.1166E-01  1.0000E+00
  2.2400E+02  7.7352E+01  1.0848E-01  1.0000E+00
  2.2500E+02  7.5066E+01  4.3332E-01  2.0000E+00
  2.2600E+02  7.0734E+01  1.1862E-01  1.0000E+00
  2.2700E+02  6.1685E+01  9.8162E-02  1.0000E+00
  2.2800E+02  5.6759E+01  5.6233E-01  2.0000E+00
  2.2900E+02  7.5050E+01  1.0359E-01  1.0000E+00
  2.3000E+02  7.8352E+01  1.0609E-01  1.0000E+00
  2.3100E+02  6.8393E+01  5.1082E-01  2.0000E+00
  2.3200E+02  5.6294E+01  1.0785E-01  1.0000E+00
  2.3300E+02  5.8657E+01  9.3514E-02  1.0000E+00
  2.3400E+02  7.3399E+01  4.1690E-01  2.0000E+00
  2.3500E+02  9.6630E+01  8.6415E-02  1.0000E+00
  2.3600E+02  7.2129E+01  8.9550E-02  1.0000E+00
  2.3700E+02  7.3633E+01  5.3533E-01  2.0000E+00
  2.3800E+02  4.4131E+01  6.3871E-02  1.0000E+00
  2.3900E+02  7.6889E+01  1.0065E-01  1.0000E+00
  2.4000E+02  4.6814E+01  7.5520E-01  2.0000E+00
  2.4100E+02  7.6689E+01  6.9572E-02  1.0000E+00
  2.4200E+02  6.6488E+01  1.0217E-01  1.0000E+00
  2.4300E+02  7.7874E+01  4.0740E-01  2.0000E+00
  2.4400E+02  5.9248E+01  1.0906E-01  1.0000E+00
  2.4500E+02  6.8185E+01  8.3735E-02  1.0000E+00
  2.4600E+02  6.0462E+01  5.1378E-01  2.0000E+00
  2.4700E+02  5.2341E+01  8.4492E-02  1.0000E+00
  2.4800E+02  6.1339E+01  8.0775E-02  1.0000E+00
  2.4900E+02  5.5952E+01  3.4854E-01  2.0000E+00
  2.5000E+02  7.4746E+01  9.5702E-02  1.0000E+00
  2.5100E+02  5.5936E+01  1.0258E-01  1.0000E+00
  2.5200E+02  6.2883E+01  6.9341E-01  2.0000E+00
  2.5300E+02  5.7863E+01  9.6605E-02  1.0000E+00
  2.5400E+02  8.2589E+01  8.8803E-02  1.0000E+00
  2.5500E+02  4.9209E+01  4.6071E-01  2.0000E+00
  2.5600E+02  5.8209E+01  1.1828E-01  1.0000E+00
  2.5700E+02  9.3958E+01  7.3272E-02  1.0000E+00
  2.5800E+02  8.4797E+01  5.9623E-01  2.0000E+00
  2.5900E+02  8.5781E+01  7.0553E-02  1.0000E+00
  2.6000E+02  8.9351E+01  1.2824E-01  1.0000E+00
  2.6100E+02  9.1527E+01  4.4378E-01  2.0000E+00
  2.6200E+02  5.6853E+01  1.1425E-01  1.0000E+00
  2.6300E+02  6.5144E+01  9.2312E-02  1.0000E+00
  2.6400E+02  5.3559E+01  6.2512E-01  2.0000E+00
  2.6500E+02  6.4228E+01  8.6117E-02  1.0000E+00
  2.6600E+02  9.6365E+01  1.1186E-01  1.0000E+00
  2.6700E+02  6.5336E+01  5.2307E-01  2.0000E+00
  2.6800E+02  6.5929E+01  1.0965E-01  1.0000E+00
  2.6900E+02  5.9606E+01  1.0457E-01  1.0000E+00
  2.7000E+02  7.0421E+01  5.3741E-01  2.0000E+00
  2.7100E+02  8.9552E+01  9.4613E-02  1.0000E+00
  2.7200E+02  6.4219E+01  9.8772E-02  1.0000E+00
  2.7300E+02  6.3983E+01  4.9564E-01  2.0000E+00
  2.7400E+02  1.0452E+02  9.4986E-02  1.0000E+00
  2.7500E+02  7.2463E+01  9.3125E-02  1.0000E+00
  2.7600E+02  5.8593E+01  4.2086E-01  2.0000E+00
  2.7700E+02  9.0271E+01  9.1868E-02  1.0000E+00
  2.7800E+02  6.9364E+01  9.5563E-02  1.0000E+00
  2.7900E+02  4.7735E+01  5.0210E-01  2.0000E+00
  2.8000E+02  5.9970E+01  9.0012E-02  1.0000E+00
  2.8100E+02  4.6191E+01  1.0475E-01  1.0000E+00
  2.8200E+02  4.5032E+01  6.6777E-01  2.0000E+00
  2.8300E+02  5.8958E+01  1.0543E-01  1.0000E+00
  2.8400E+02  8.6275E+01  1.0255E-01  1.0000E+00
  2.8500E+02  9.0300E+01  9.6677E-01  2.0000E+00
  2.8600E+02  7.0321E+01  9.9835E-02  1.0000E+00
  2.8700E+02  1.0159E+02  1.1160E-01  1.0000E+00
  2.8800E+02  6.0812E+01  7.6803E-01  2.0000E+00
  2.8900E+02  7.8770E+01  1.3286E-01  1.0000E+00
  2.9000E+02  6.2744E+01  1.0253E-01  1.0000E+00
  2.9100E+02  6.4901E+01  4.2563E-01  2.0000E+00
  2.9200E+02  8.3163E+01  1.3768E-01  1.0000E+00
  2.9300E+02  8.1184E+01  9.8696E-02  1.0000E+00
  2.9400E+02  8.0730E+01  4.0995E-01  2.0000E+00
  2.9500E+02  7.2045E+01  1.0496E-01  1.0000E+00
  2.9600E+02  6.6204E+01  1.1407E-01  1.0000E+00
  2.9700E+02  1.0110E+02  4.7632E-01  2.0000E+00
  2.9800E+02  7.5351E+01  1.1921E-01  1.0000E+00
  2.9900E+02  5.0791E+01  1.2561E-01  1.0000E+00
  3.0000E+02  5.3521E+01  6.5367E-01  2.0000E+00
