TABLE NO.  2
 ID          CL          V1          Q           V2
  1.0000E+00  5.7326E+00  5.1178E+00  2.2542E+00  1.2845E+01
  2.0000E+00  3.2453E+00  8.1662E+00  2.2464E+00  1.9299E+01
  3.0000E+00  5.9249E+00  4.4185E+00  1.7333E+00  8.7513E+00
  4.0000E+00  5.5035E+00  4.9650E+00  2.3503E+00  1.1184E+01
  5.0000E+00  8.5473E+00  6.3809E+00  1.6013E+00  1.2558E+01
  6.0000E+00  6.5868E+00  4.4951E+00  2.0593E+00  1.1729E+01
  7.0000E+00  5.3306E+00  3.7535E+00  1.9992E+00  9.9513E+00
  8.0000E+00  6.5594E+00  3.8122E+00  2.0133E+00  2.1143E+01
  9.0000E+00  5.5275E+00  3.8072E+00  1.6226E+00  7.4417E+00
  1.0000E+01  8.8583E+00  6.4375E+00  4.8209E+00  7.5553E+00
  1.1000E+01  4.4602E+00  5.4770E+00  2.8511E+00  9.5822E+00
  1.2000E+01  5.9692E+00  5.5825E+00  2.2544E+00  1.5484E+01
  1.3000E+01  5.3984E+00  2.7191E+00  1.9962E+00  1.3048E+01
  1.4000E+01  5.7518E+00  5.7837E+00  3.9218E+00  9.2160E+00
  1.5000E+01  6.4651E+00  5.6320E+00  2.1269E+00  2.1164E+01
  1.6000E+01  5.8030E+00  5.5050E+00  1.5554E+00  1.0702E+01
  1.7000E+01  9.1354E+00  3.8758E+00  2.7498E+00  1.5710E+01
  1.8000E+01  1.0542E+01  5.7836E+00  2.1954E+00  8.8681E+00
  1.9000E+01  5.6736E+00  3.5765E+00  2.5283E+00  1.3658E+01
  2.0000E+01  7.8615E+00  3.9830E+00  1.2248E+00  9.6748E+00
  2.1000E+01  3.1384E+00  5.8411E+00  2.5299E+00  9.9817E+00
  2.2000E+01  3.7626E+00  4.9730E+00  1.5924E+00  1.1336E+01
  2.3000E+01  6.4900E+00  3.6371E+00  1.1520E+00  1.7580E+01
  2.4000E+01  5.5035E+00  4.9650E+00  2.3503E+00  1.1184E+01
  2.5000E+01  2.7646E+00  5.5354E+00  3.0626E+00  9.7890E+00
  2.6000E+01  1.1870E+01  5.1893E+00  2.7008E+00  8.3769E+00
  2.7000E+01  7.2715E+00  7.9308E+00  4.3088E+00  1.1003E+01
  2.8000E+01  1.9485E+01  3.1054E+00  2.8817E+00  8.0518E+00
  2.9000E+01  3.6964E+00  4.8611E+00  3.4969E+00  8.8440E+00
  3.0000E+01  7.2503E+00  4.4088E+00  2.1204E+00  8.9847E+00
  3.1000E+01  5.1430E+00  6.2851E+00  3.5426E+00  9.5382E+00
  3.2000E+01  9.0224E+00  5.8041E+00  3.1168E+00  1.1566E+01
  3.3000E+01  3.7474E+00  6.1057E+00  3.6689E+00  1.4782E+01
  3.4000E+01  9.9332E+00  5.7656E+00  1.0097E+00  1.1039E+01
  3.5000E+01  3.1636E+00  3.2466E+00  2.1101E+00  2.7172E+01
  3.6000E+01  5.4160E+00  7.8089E+00  3.3653E+00  1.0193E+01
  3.7000E+01  9.8083E+00  6.3119E+00  1.9574E+00  1.2824E+01
  3.8000E+01  7.5912E+00  4.1121E+00  3.4493E+00  9.1616E+00
  3.9000E+01  5.5035E+00  4.9650E+00  2.3503E+00  1.1184E+01
  4.0000E+01  3.6182E+00  3.5789E+00  2.0241E+00  9.2617E+00
  4.1000E+01  5.1721E+00  5.6251E+00  1.8182E+00  6.9858E+00
  4.2000E+01  2.9393E+00  2.4314E+00  2.0523E+00  1.2543E+01
  4.3000E+01  4.4745E+00  4.9475E+00  2.7311E+00  1.2715E+01
  4.4000E+01  4.4592E+00  4.4748E+00  3.2334E+00  1.2204E+01
  4.5000E+01  5.5035E+00  4.9650E+00  2.3503E+00  1.1184E+01
  4.6000E+01  3.5953E+00  3.8576E+00  2.8214E+00  1.3898E+01
  4.7000E+01  1.9501E+00  5.0013E+00  1.8893E+00  1.2476E+01
  4.8000E+01  3.8276E+00  4.1919E+00  1.5541E+00  7.6204E+00
  4.9000E+01  4.5972E+00  8.7374E+00  2.6186E+00  1.0187E+01
  5.0000E+01  4.2411E+00  5.6427E+00  1.5948E+00  2.0608E+01
  5.1000E+01  5.3837E+00  4.1033E+00  1.2513E+00  1.1036E+01
  5.2000E+01  5.5035E+00  4.9650E+00  2.3503E+00  1.1184E+01
  5.3000E+01  7.1725E+00  5.0807E+00  1.8598E+00  7.0989E+00
  5.4000E+01  5.5812E+00  7.9592E+00  3.2111E+00  1.2485E+01
  5.5000E+01  4.4718E+00  6.0560E+00  2.9059E+00  1.0747E+01
  5.6000E+01  5.2534E+00  7.3999E+00  2.9987E+00  8.5543E+00
  5.7000E+01  2.6358E+00  4.8195E+00  2.1741E+00  1.4727E+01
  5.8000E+01  1.1091E+01  3.3945E+00  3.2276E+00  6.5521E+00
  5.9000E+01  4.4130E+00  5.2033E+00  3.2385E+00  9.1802E+00
  6.0000E+01  5.5035E+00  4.9650E+00  2.3503E+00  1.1184E+01
  6.1000E+01  4.3552E+00  6.6464E+00  3.3663E+00  1.0937E+01
  6.2000E+01  6.3075E+00  4.0206E+00  2.2451E+00  9.9158E+00
  6.3000E+01  5.1053E+00  3.7415E+00  2.2499E+00  7.4030E+00
  6.4000E+01  4.4665E+00  6.2883E+00  2.3420E+00  8.4622E+00
  6.5000E+01  4.8347E+00  5.2159E+00  2.2667E+00  1.2465E+01
  6.6000E+01  3.3251E+00  5.0140E+00  4.1387E+00  1.2828E+01
  6.7000E+01  5.5035E+00  4.9650E+00  2.3503E+00  1.1184E+01
  6.8000E+01  6.4734E+00  3.6109E+00  1.7150E+00  7.1855E+00
  6.9000E+01  5.5035E+00  4.9650E+00  2.3503E+00  1.1184E+01
  7.0000E+01  5.3572E+00  4.0812E+00  2.8266E+00  1.2490E+01
  7.1000E+01  4.8025E+00  3.4596E+00  1.5217E+00  9.1293E+00
  7.2000E+01  6.5317E+00  5.7005E+00  3.7547E+00  1.5574E+01
  7.3000E+01  3.3829E+00  5.1656E+00  1.5078E+00  1.2416E+01
  7.4000E+01  3.0960E+00  5.2922E+00  2.1326E+00  6.7850E+00
  7.5000E+01  5.5035E+00  4.9650E+00  2.3503E+00  1.1184E+01
  7.6000E+01  7.1863E+00  6.6514E+00  2.0404E+00  2.4974E+01
  7.7000E+01  5.2577E+00  4.1615E+00  1.9264E+00  7.5404E+00
  7.8000E+01  5.7604E+00  3.1756E+00  2.6374E+00  1.2039E+01
  7.9000E+01  5.2460E+00  5.6935E+00  2.2610E+00  1.6817E+01
  8.0000E+01  4.7023E+00  5.4051E+00  4.3168E+00  6.8924E+00
  8.1000E+01  1.0434E+01  4.4382E+00  1.6376E+00  1.0784E+01
  8.2000E+01  3.3913E+00  6.0600E+00  2.2726E+00  2.4528E+01
  8.3000E+01  7.2571E+00  5.7373E+00  2.8309E+00  1.0254E+01
  8.4000E+01  4.8037E+00  3.6249E+00  2.4480E+00  1.3221E+01
  8.5000E+01  6.8549E+00  7.6718E+00  2.5906E+00  1.7397E+01
  8.6000E+01  1.0540E+01  5.3442E+00  2.4493E+00  1.1153E+01
  8.7000E+01  3.6643E+00  9.3287E+00  3.3339E+00  1.0204E+01
  8.8000E+01  2.6930E+00  4.3962E+00  2.3429E+00  1.6886E+01
  8.9000E+01  6.2700E+00  3.9460E+00  2.0063E+00  6.1835E+00
  9.0000E+01  5.5035E+00  4.9650E+00  2.3503E+00  1.1184E+01
  9.1000E+01  5.6030E+00  2.5732E+00  2.5913E+00  9.2884E+00
  9.2000E+01  7.2478E+00  5.1720E+00  2.5234E+00  9.3130E+00
  9.3000E+01  1.2742E+01  4.1650E+00  2.0827E+00  8.6567E+00
  9.4000E+01  5.1623E+00  4.2772E+00  1.5970E+00  8.8475E+00
  9.5000E+01  4.2183E+00  3.4027E+00  1.8724E+00  9.7286E+00
  9.6000E+01  5.5031E+00  5.8363E+00  2.4202E+00  1.1901E+01
  9.7000E+01  5.8302E+00  6.4893E+00  1.9509E+00  1.1292E+01
  9.8000E+01  9.2676E+00  4.8566E+00  1.9378E+00  1.1639E+01
  9.9000E+01  5.8030E+00  3.7856E+00  2.1232E+00  4.4881E+00
  1.0000E+02  5.8148E+00  7.2661E+00  2.5418E+00  1.4525E+01
