 ID          KA          K           CL          SC
  1.0000E+00  1.7774E+00  5.3956E-02  1.9923E-02  3.6926E-01
  2.0000E+00  1.9432E+00  1.0165E-01  4.4765E-02  4.4038E-01
  3.0000E+00  2.4536E+00  8.1425E-02  3.9559E-02  4.8583E-01
  4.0000E+00  1.1714E+00  8.7471E-02  3.7400E-02  4.2758E-01
  5.0000E+00  1.4717E+00  8.8430E-02  4.3604E-02  4.9310E-01
  6.0000E+00  1.1637E+00  9.9528E-02  5.1137E-02  5.1379E-01
  7.0000E+00  6.7963E-01  1.0226E-01  5.1596E-02  5.0458E-01
  8.0000E+00  1.3755E+00  9.1958E-02  4.6463E-02  5.0526E-01
  9.0000E+00  8.8600E+00  8.6636E-02  3.2688E-02  3.7730E-01
  1.0000E+01  6.9546E-01  7.3964E-02  3.2442E-02  4.3862E-01
  1.1000E+01  3.8490E+00  9.8124E-02  5.7246E-02  5.8341E-01
  1.2000E+01  8.3295E-01  1.0557E-01  4.1997E-02  3.9780E-01
