TABLE NO.  2
 ID          KA          K           CL
  1.0000E+00  1.7774E+00  5.3955E-02  1.9923E-02
  2.0000E+00  1.9427E+00  1.0166E-01  4.4765E-02
  3.0000E+00  2.4536E+00  8.1425E-02  3.9559E-02
  4.0000E+00  1.1715E+00  8.7467E-02  3.7400E-02
  5.0000E+00  1.4715E+00  8.8435E-02  4.3604E-02
  6.0000E+00  1.1637E+00  9.9526E-02  5.1137E-02
  7.0000E+00  6.7974E-01  1.0225E-01  5.1595E-02
  8.0000E+00  1.3755E+00  9.1957E-02  4.6462E-02
  9.0000E+00  8.8656E+00  8.6632E-02  3.2687E-02
  1.0000E+01  6.9550E-01  7.3966E-02  3.2443E-02
  1.1000E+01  3.8490E+00  9.8123E-02  5.7246E-02
  1.2000E+01  8.3290E-01  1.0558E-01  4.1997E-02
