TABLE NO.  1
 ID          DOSE        TIME        CP          WT          CP          PRED        RES         WRES
  1.0000E+00  4.0200E+00  0.0000E+00  0.0000E+00  7.9600E+01  0.0000E+00  0.0000E+00  0.0000E+00  0.0000E+00
  1.0000E+00  0.0000E+00  2.5000E-01  2.8959E+00  0.0000E+00  2.8959E+00  3.6602E+00 -7.6429E-01 -5.2742E-01
  1.0000E+00  0.0000E+00  5.7000E-01  4.6488E+00  0.0000E+00  4.6488E+00  5.6329E+00 -9.8409E-01  1.9950E-01
  1.0000E+00  0.0000E+00  1.1200E+00  5.2841E+00  0.0000E+00  5.2841E+00  6.4454E+00 -1.1613E+00 -5.3566E-01
  1.0000E+00  0.0000E+00  2.0200E+00  5.2402E+00  0.0000E+00  5.2402E+00  6.2307E+00 -9.9052E-01 -3.1225E-01
  1.0000E+00  0.0000E+00  3.8200E+00  4.7796E+00  0.0000E+00  4.7796E+00  5.3941E+00 -6.1449E-01 -8.7802E-02
  1.0000E+00  0.0000E+00  5.1000E+00  4.4995E+00  0.0000E+00  4.4995E+00  4.8571E+00 -3.5757E-01  3.6449E-01
  1.0000E+00  0.0000E+00  7.0300E+00  3.7639E+00  0.0000E+00  3.7639E+00  4.1466E+00 -3.8268E-01 -6.3240E-01
  1.0000E+00  0.0000E+00  9.0500E+00  3.6127E+00  0.0000E+00  3.6127E+00  3.5140E+00  9.8699E-02  1.0593E+00
  1.0000E+00  0.0000E+00  1.2120E+01  2.6256E+00  0.0000E+00  2.6256E+00  2.7324E+00 -1.0682E-01 -5.4800E-01
  1.0000E+00  0.0000E+00  2.4370E+01  1.2491E+00  0.0000E+00  1.2491E+00  1.0014E+00  2.4773E-01  5.7384E-01
  2.0000E+00  4.4000E+00  0.0000E+00  0.0000E+00  7.2400E+01  0.0000E+00  0.0000E+00  0.0000E+00  0.0000E+00
  2.0000E+00  0.0000E+00  2.7000E-01  3.1778E+00  0.0000E+00  3.1778E+00  4.2137E+00 -1.0359E+00 -1.9094E-01
  2.0000E+00  0.0000E+00  5.2000E-01  4.5215E+00  0.0000E+00  4.5215E+00  5.9561E+00 -1.4346E+00  1.7369E-01
  2.0000E+00  0.0000E+00  1.0000E+00  5.0579E+00  0.0000E+00  5.0579E+00  6.9975E+00 -1.9396E+00 -1.5156E+00
  2.0000E+00  0.0000E+00  1.9200E+00  5.6649E+00  0.0000E+00  5.6649E+00  6.8683E+00 -1.2034E+00  4.3279E-01
  2.0000E+00  0.0000E+00  3.5000E+00  5.2164E+00  0.0000E+00  5.2164E+00  6.0607E+00 -8.4426E-01  1.2105E-01
  2.0000E+00  0.0000E+00  5.0200E+00  4.5358E+00  0.0000E+00  4.5358E+00  5.3512E+00 -8.1536E-01 -1.0732E+00
  2.0000E+00  0.0000E+00  7.0300E+00  4.6677E+00  0.0000E+00  4.6677E+00  4.5385E+00  1.2916E-01  9.9272E-01
  2.0000E+00  0.0000E+00  9.0000E+00  4.0425E+00  0.0000E+00  4.0425E+00  3.8620E+00  1.8054E-01 -1.3847E-01
  2.0000E+00  0.0000E+00  1.2000E+01  3.6263E+00  0.0000E+00  3.6263E+00  3.0203E+00  6.0604E-01  5.0967E-01
  2.0000E+00  0.0000E+00  2.4300E+01  2.1045E+00  0.0000E+00  2.1045E+00  1.1023E+00  1.0022E+00  1.7828E+00
  3.0000E+00  4.5300E+00  0.0000E+00  0.0000E+00  7.0500E+01  0.0000E+00  0.0000E+00  0.0000E+00  0.0000E+00
  3.0000E+00  0.0000E+00  2.7000E-01  2.7459E+00  0.0000E+00  2.7459E+00  4.3382E+00 -1.5923E+00 -4.2730E-01
  3.0000E+00  0.0000E+00  5.8000E-01  4.1565E+00  0.0000E+00  4.1565E+00  6.3864E+00 -2.2299E+00 -1.4750E-01
  3.0000E+00  0.0000E+00  1.0200E+00  4.6970E+00  0.0000E+00  4.6970E+00  7.2174E+00 -2.5204E+00 -3.8281E-01
  3.0000E+00  0.0000E+00  2.0200E+00  4.5013E+00  0.0000E+00  4.5013E+00  7.0212E+00 -2.5199E+00 -6.6149E-01
  3.0000E+00  0.0000E+00  3.6200E+00  4.1140E+00  0.0000E+00  4.1140E+00  6.1788E+00 -2.0648E+00 -2.0581E-01
  3.0000E+00  0.0000E+00  5.0800E+00  3.6279E+00  0.0000E+00  3.6279E+00  5.4822E+00 -1.8543E+00 -5.4963E-01
  3.0000E+00  0.0000E+00  7.0700E+00  3.3739E+00  0.0000E+00  3.3739E+00  4.6573E+00 -1.2834E+00  4.8425E-01
  3.0000E+00  0.0000E+00  9.0000E+00  2.6488E+00  0.0000E+00  2.6488E+00  3.9761E+00 -1.3273E+00 -5.8145E-01
  3.0000E+00  0.0000E+00  1.2150E+01  2.0626E+00  0.0000E+00  2.0626E+00  3.0715E+00 -1.0089E+00 -2.3693E-01
  3.0000E+00  0.0000E+00  2.4170E+01  6.2650E-01  0.0000E+00  6.2650E-01  1.1471E+00 -5.2055E-01 -7.9045E-01
  4.0000E+00  4.4000E+00  0.0000E+00  0.0000E+00  7.2700E+01  0.0000E+00  0.0000E+00  0.0000E+00  0.0000E+00
  4.0000E+00  0.0000E+00  3.5000E-01  4.4619E+00  0.0000E+00  4.4619E+00  4.9263E+00 -4.6444E-01  7.0994E-01
  4.0000E+00  0.0000E+00  6.0000E-01  5.3207E+00  0.0000E+00  5.3207E+00  6.2751E+00 -9.5436E-01 -1.0120E+00
  4.0000E+00  0.0000E+00  1.0700E+00  6.0593E+00  0.0000E+00  6.0593E+00  7.0362E+00 -9.7693E-01  1.1022E-01
  4.0000E+00  0.0000E+00  2.1300E+00  5.6955E+00  0.0000E+00  5.6955E+00  6.7645E+00 -1.0690E+00 -8.9133E-01
  4.0000E+00  0.0000E+00  3.5000E+00  5.6127E+00  0.0000E+00  5.6127E+00  6.0607E+00 -4.4796E-01 -1.0131E-01
  4.0000E+00  0.0000E+00  5.0200E+00  5.5293E+00  0.0000E+00  5.5293E+00  5.3512E+00  1.7814E-01  9.7941E-01
  4.0000E+00  0.0000E+00  7.0200E+00  4.6568E+00  0.0000E+00  4.6568E+00  4.5423E+00  1.1454E-01 -6.6630E-02
  4.0000E+00  0.0000E+00  9.0200E+00  4.1013E+00  0.0000E+00  4.1013E+00  3.8556E+00  2.4566E-01 -5.5138E-02
  4.0000E+00  0.0000E+00  1.1980E+01  3.4986E+00  0.0000E+00  3.4986E+00  3.0252E+00  4.7339E-01 -2.5809E-02
  4.0000E+00  0.0000E+00  2.4650E+01  2.1119E+00  0.0000E+00  2.1119E+00  1.0712E+00  1.0407E+00  2.1684E+00
  5.0000E+00  5.8600E+00  0.0000E+00  0.0000E+00  5.4600E+01  0.0000E+00  0.0000E+00  0.0000E+00  0.0000E+00
  5.0000E+00  0.0000E+00  3.0000E-01  3.7826E+00  0.0000E+00  3.7826E+00  5.9957E+00 -2.2131E+00 -6.7094E-01
  5.0000E+00  0.0000E+00  5.2000E-01  4.9735E+00  0.0000E+00  4.9735E+00  7.9324E+00 -2.9589E+00  1.1395E+00
  5.0000E+00  0.0000E+00  1.0000E+00  4.8986E+00  0.0000E+00  4.8986E+00  9.3194E+00 -4.4208E+00 -2.4461E-01
  5.0000E+00  0.0000E+00  2.0200E+00  3.4892E+00  0.0000E+00  3.4892E+00  9.0826E+00 -5.5934E+00 -2.2614E+00
  5.0000E+00  0.0000E+00  3.5000E+00  3.7336E+00  0.0000E+00  3.7336E+00  8.0717E+00 -4.3381E+00 -2.6722E-01
  5.0000E+00  0.0000E+00  5.0200E+00  3.2635E+00  0.0000E+00  3.2635E+00  7.1268E+00 -3.8633E+00 -7.6609E-01
  5.0000E+00  0.0000E+00  7.0200E+00  3.1071E+00  0.0000E+00  3.1071E+00  6.0495E+00 -2.9424E+00  8.4426E-02
  5.0000E+00  0.0000E+00  9.1000E+00  2.4669E+00  0.0000E+00  2.4669E+00  5.1015E+00 -2.6346E+00 -4.7199E-01
  5.0000E+00  0.0000E+00  1.2000E+01  1.8337E+00  0.0000E+00  1.8337E+00  4.0224E+00 -2.1887E+00 -7.0970E-01
  5.0000E+00  0.0000E+00  2.4350E+01  6.5042E-01  0.0000E+00  6.5042E-01  1.4621E+00 -8.1168E-01 -5.6536E-01
  6.0000E+00  4.0000E+00  0.0000E+00  0.0000E+00  8.0000E+01  0.0000E+00  0.0000E+00  0.0000E+00  0.0000E+00
  6.0000E+00  0.0000E+00  2.7000E-01  6.0318E+00  0.0000E+00  6.0318E+00  3.8306E+00  2.2012E+00  3.6461E+00
  6.0000E+00  0.0000E+00  5.8000E-01  7.1196E+00  0.0000E+00  7.1196E+00  5.6392E+00  1.4804E+00 -1.0836E+00
  6.0000E+00  0.0000E+00  1.1500E+00  7.0495E+00  0.0000E+00  7.0495E+00  6.4206E+00  6.2893E-01 -1.2445E+00
  6.0000E+00  0.0000E+00  2.0300E+00  6.9582E+00  0.0000E+00  6.9582E+00  6.1952E+00  7.6299E-01  4.5946E-02
  6.0000E+00  0.0000E+00  3.5700E+00  6.4967E+00  0.0000E+00  6.4967E+00  5.4782E+00  1.0185E+00 -7.2100E-02
  6.0000E+00  0.0000E+00  5.0000E+00  6.4112E+00  0.0000E+00  6.4112E+00  4.8727E+00  1.5385E+00  1.7938E+00
  6.0000E+00  0.0000E+00  7.0000E+00  5.0550E+00  0.0000E+00  5.0550E+00  4.1361E+00  9.1890E-01 -5.7620E-01
  6.0000E+00  0.0000E+00  9.2200E+00  4.5238E+00  0.0000E+00  4.5238E+00  3.4481E+00  1.0757E+00  6.5856E-01
  6.0000E+00  0.0000E+00  1.2100E+01  3.6351E+00  0.0000E+00  3.6351E+00  2.7233E+00  9.1182E-01  1.8000E-01
  6.0000E+00  0.0000E+00  2.3850E+01  1.7679E+00  0.0000E+00  1.7679E+00  1.0398E+00  7.2814E-01  1.1370E+00
  7.0000E+00  4.9500E+00  0.0000E+00  0.0000E+00  6.4600E+01  0.0000E+00  0.0000E+00  0.0000E+00  0.0000E+00
  7.0000E+00  0.0000E+00  2.5000E-01  7.4863E+00  0.0000E+00  7.4863E+00  4.5070E+00  2.9793E+00  3.2035E+00
  7.0000E+00  0.0000E+00  5.0000E-01  9.3737E+00  0.0000E+00  9.3737E+00  6.5949E+00  2.7788E+00 -5.8763E-01
  7.0000E+00  0.0000E+00  1.0200E+00  1.0018E+01  0.0000E+00  1.0018E+01  7.8865E+00  2.1315E+00  1.3471E-01
  7.0000E+00  0.0000E+00  2.0200E+00  8.9771E+00  0.0000E+00  8.9771E+00  7.6721E+00  1.3050E+00 -7.2827E-01
  7.0000E+00  0.0000E+00  3.4800E+00  8.2594E+00  0.0000E+00  8.2594E+00  6.8294E+00  1.4300E+00 -3.6914E-01
  7.0000E+00  0.0000E+00  5.0000E+00  8.1147E+00  0.0000E+00  8.1147E+00  6.0299E+00  2.0848E+00  1.9275E+00
  7.0000E+00  0.0000E+00  6.9800E+00  6.2081E+00  0.0000E+00  6.2081E+00  5.1268E+00  1.0813E+00 -8.1393E-01
  7.0000E+00  0.0000E+00  9.0000E+00  5.5723E+00  0.0000E+00  5.5723E+00  4.3447E+00  1.2276E+00  6.2858E-01
  7.0000E+00  0.0000E+00  1.2050E+01  4.2782E+00  0.0000E+00  4.2782E+00  3.3839E+00  8.9430E-01  4.2516E-02
  7.0000E+00  0.0000E+00  2.4220E+01  1.8024E+00  0.0000E+00  1.8024E+00  1.2483E+00  5.5412E-01  7.5691E-01
  8.0000E+00  4.5300E+00  0.0000E+00  0.0000E+00  7.0500E+01  0.0000E+00  0.0000E+00  0.0000E+00  0.0000E+00
  8.0000E+00  0.0000E+00  2.5000E-01  2.7380E+00  0.0000E+00  2.7380E+00  4.1245E+00 -1.3865E+00  1.3005E-01
  8.0000E+00  0.0000E+00  5.2000E-01  4.4433E+00  0.0000E+00  4.4433E+00  6.1320E+00 -1.6887E+00 -1.9627E+00
  8.0000E+00  0.0000E+00  9.8000E-01  6.0601E+00  0.0000E+00  6.0601E+00  7.1896E+00 -1.1295E+00 -2.4666E+00
  8.0000E+00  0.0000E+00  2.0200E+00  8.2305E+00  0.0000E+00  8.2305E+00  7.0212E+00  1.2093E+00  1.6646E+00
  8.0000E+00  0.0000E+00  3.5300E+00  8.1707E+00  0.0000E+00  8.1707E+00  6.2244E+00  1.9463E+00  1.8179E+00
  8.0000E+00  0.0000E+00  5.0500E+00  7.4472E+00  0.0000E+00  7.4472E+00  5.4957E+00  1.9515E+00  1.7224E+00
  8.0000E+00  0.0000E+00  7.1500E+00  6.0200E+00  0.0000E+00  6.0200E+00  4.6269E+00  1.3931E+00  1.0483E+00
  8.0000E+00  0.0000E+00  9.0700E+00  4.5630E+00  0.0000E+00  4.5630E+00  3.9533E+00  6.0968E-01 -9.8711E-01
  8.0000E+00  0.0000E+00  1.2100E+01  3.7185E+00  0.0000E+00  3.7185E+00  3.0841E+00  6.3438E-01  3.5146E-01
  8.0000E+00  0.0000E+00  2.4120E+01  1.1406E+00  0.0000E+00  1.1406E+00  1.1518E+00 -1.1162E-02 -9.9041E-01
  9.0000E+00  3.1000E+00  0.0000E+00  0.0000E+00  8.6400E+01  0.0000E+00  0.0000E+00  0.0000E+00  0.0000E+00
  9.0000E+00  0.0000E+00  3.0000E-01  3.8483E+00  0.0000E+00  3.8483E+00  3.1718E+00  6.7650E-01 -1.2133E+00
  9.0000E+00  0.0000E+00  6.3000E-01  5.9390E+00  0.0000E+00  5.9390E+00  4.4908E+00  1.4482E+00  1.2571E+00
  9.0000E+00  0.0000E+00  1.0500E+00  6.7175E+00  0.0000E+00  6.7175E+00  4.9507E+00  1.7668E+00  1.8122E+00
  9.0000E+00  0.0000E+00  2.0200E+00  6.0497E+00  0.0000E+00  6.0497E+00  4.8048E+00  1.2449E+00  5.1568E-01
  9.0000E+00  0.0000E+00  3.5300E+00  4.5385E+00  0.0000E+00  4.5385E+00  4.2595E+00  2.7896E-01 -1.5891E+00
  9.0000E+00  0.0000E+00  5.0200E+00  4.0529E+00  0.0000E+00  4.0529E+00  3.7701E+00  2.8276E-01 -3.2139E-01
  9.0000E+00  0.0000E+00  7.1700E+00  3.4200E+00  0.0000E+00  3.4200E+00  3.1611E+00  2.5887E-01  1.9900E-01
  9.0000E+00  0.0000E+00  8.8000E+00  2.9697E+00  0.0000E+00  2.9697E+00  2.7659E+00  2.0381E-01  7.6540E-01
  9.0000E+00  0.0000E+00  1.1600E+01  1.9012E+00  0.0000E+00  1.9012E+00  2.1988E+00 -2.9761E-01 -1.0363E+00
  9.0000E+00  0.0000E+00  2.4430E+01  3.7093E-01  0.0000E+00  3.7093E-01  7.6841E-01 -3.9748E-01 -6.3435E-01
  1.0000E+01  5.5000E+00  0.0000E+00  0.0000E+00  5.8200E+01  0.0000E+00  0.0000E+00  0.0000E+00  0.0000E+00
  1.0000E+01  0.0000E+00  3.7000E-01  9.1739E+00  0.0000E+00  9.1739E+00  6.3480E+00  2.8259E+00  2.6615E-01
  1.0000E+01  0.0000E+00  7.7000E-01  1.2062E+01  0.0000E+00  1.2062E+01  8.3989E+00  3.6631E+00 -3.6814E-02
  1.0000E+01  0.0000E+00  1.0200E+00  1.2857E+01  0.0000E+00  1.2857E+01  8.7628E+00  4.0942E+00  1.4497E+00
  1.0000E+01  0.0000E+00  2.0500E+00  1.1937E+01  0.0000E+00  1.1937E+01  8.5060E+00  3.4310E+00 -4.9755E-01
  1.0000E+01  0.0000E+00  3.5500E+00  1.0901E+01  0.0000E+00  1.0901E+01  7.5449E+00  3.3561E+00 -2.9436E-01
  1.0000E+01  0.0000E+00  5.0500E+00  1.0209E+01  0.0000E+00  1.0209E+01  6.6725E+00  3.5365E+00 -1.9285E-01
  1.0000E+01  0.0000E+00  7.0800E+00  9.8799E+00  0.0000E+00  9.8799E+00  5.6500E+00  4.2299E+00  1.0160E+00
  1.0000E+01  0.0000E+00  9.3800E+00  9.4552E+00  0.0000E+00  9.4552E+00  4.6794E+00  4.7758E+00  2.7562E+00
  1.0000E+01  0.0000E+00  1.2100E+01  7.9587E+00  0.0000E+00  7.9587E+00  3.7445E+00  4.2142E+00  2.3326E+00
  1.0000E+01  0.0000E+00  2.3700E+01  3.1315E+00  0.0000E+00  3.1315E+00  1.4474E+00  1.6841E+00  3.0946E-01
  1.1000E+01  4.9200E+00  0.0000E+00  0.0000E+00  6.5000E+01  0.0000E+00  0.0000E+00  0.0000E+00  0.0000E+00
  1.1000E+01  0.0000E+00  2.5000E-01  7.0045E+00  0.0000E+00  7.0045E+00  4.4796E+00  2.5249E+00 -5.8028E-01
  1.1000E+01  0.0000E+00  5.0000E-01  1.0899E+01  0.0000E+00  1.0899E+01  6.5549E+00  4.3441E+00  9.1877E-01
  1.1000E+01  0.0000E+00  9.8000E-01  1.3364E+01  0.0000E+00  1.3364E+01  7.8086E+00  5.5554E+00 -1.2606E-01
  1.1000E+01  0.0000E+00  1.9800E+00  1.4447E+01  0.0000E+00  1.4447E+01  7.6476E+00  6.7994E+00  3.8467E+00
  1.1000E+01  0.0000E+00  3.6000E+00  1.1108E+01  0.0000E+00  1.1108E+01  6.7217E+00  4.3863E+00  4.1455E-01
  1.1000E+01  0.0000E+00  5.0200E+00  9.1011E+00  0.0000E+00  9.1011E+00  5.9836E+00  3.1175E+00  5.9138E-02
  1.1000E+01  0.0000E+00  7.0300E+00  6.8501E+00  0.0000E+00  6.8501E+00  5.0749E+00  1.7752E+00 -7.4077E-01
  1.1000E+01  0.0000E+00  9.0300E+00  5.4152E+00  0.0000E+00  5.4152E+00  4.3078E+00  1.1074E+00 -8.7558E-01
  1.1000E+01  0.0000E+00  1.2120E+01  4.2702E+00  0.0000E+00  4.2702E+00  3.3442E+00  9.2605E-01  8.1874E-01
  1.1000E+01  0.0000E+00  2.4080E+01  8.1575E-01  0.0000E+00  8.1575E-01  1.2550E+00 -4.3928E-01 -7.8289E-01
  1.2000E+01  5.3000E+00  0.0000E+00  0.0000E+00  6.0500E+01  0.0000E+00  0.0000E+00  0.0000E+00  0.0000E+00
  1.2000E+01  0.0000E+00  2.5000E-01  6.6667E+00  0.0000E+00  6.6667E+00  4.8256E+00  1.8411E+00  3.4702E-02
  1.2000E+01  0.0000E+00  5.0000E-01  9.5931E+00  0.0000E+00  9.5931E+00  7.0612E+00  2.5319E+00  1.8910E+00
  1.2000E+01  0.0000E+00  1.0000E+00  1.0172E+01  0.0000E+00  1.0172E+01  8.4288E+00  1.7432E+00 -1.1014E+00
  1.2000E+01  0.0000E+00  2.0000E+00  9.9748E+00  0.0000E+00  9.9748E+00  8.2265E+00  1.7483E+00  3.1894E-01
  1.2000E+01  0.0000E+00  3.5200E+00  8.4435E+00  0.0000E+00  8.4435E+00  7.2884E+00  1.1551E+00 -1.4596E+00
  1.2000E+01  0.0000E+00  5.0700E+00  8.8141E+00  0.0000E+00  8.8141E+00  6.4194E+00  2.3947E+00  2.2044E+00
  1.2000E+01  0.0000E+00  7.0700E+00  7.0635E+00  0.0000E+00  7.0635E+00  5.4490E+00  1.6145E+00 -1.1576E-02
  1.2000E+01  0.0000E+00  9.0300E+00  6.2862E+00  0.0000E+00  6.2862E+00  4.6405E+00  1.6457E+00  1.3460E+00
  1.2000E+01  0.0000E+00  1.2050E+01  4.3398E+00  0.0000E+00  4.3398E+00  3.6232E+00  7.1664E-01 -4.7141E-01
  1.2000E+01  0.0000E+00  2.4150E+01  1.3789E+00  0.0000E+00  1.3789E+00  1.3442E+00  3.4673E-02 -4.6203E-01
  1.0000E+00  4.0200E+00  0.0000E+00  0.0000E+00  7.9600E+01  0.0000E+00  0.0000E+00  0.0000E+00  0.0000E+00
  1.0000E+00  0.0000E+00  2.5000E-01  6.0931E+00  0.0000E+00  6.0931E+00  3.6602E+00  2.4329E+00  3.2831E-01
  1.0000E+00  0.0000E+00  5.7000E-01  9.3872E+00  0.0000E+00  9.3872E+00  5.6329E+00  3.7543E+00  9.1150E-01
  1.0000E+00  0.0000E+00  1.1200E+00  1.0592E+01  0.0000E+00  1.0592E+01  6.4454E+00  4.1466E+00  7.0070E-01
  1.0000E+00  0.0000E+00  2.0200E+00  1.0213E+01  0.0000E+00  1.0213E+01  6.2307E+00  3.9823E+00  1.4657E+00
  1.0000E+00  0.0000E+00  3.8200E+00  8.1374E+00  0.0000E+00  8.1374E+00  5.3941E+00  2.7433E+00  3.6407E-01
  1.0000E+00  0.0000E+00  5.1000E+00  7.1194E+00  0.0000E+00  7.1194E+00  4.8571E+00  2.2623E+00  1.2021E+00
  1.0000E+00  0.0000E+00  7.0300E+00  5.1052E+00  0.0000E+00  5.1052E+00  4.1466E+00  9.5862E-01 -6.7692E-01
  1.0000E+00  0.0000E+00  9.0500E+00  3.8075E+00  0.0000E+00  3.8075E+00  3.5140E+00  2.9350E-01 -6.5583E-01
  1.0000E+00  0.0000E+00  1.2120E+01  2.3564E+00  0.0000E+00  2.3564E+00  2.7324E+00 -3.7602E-01 -1.2890E+00
  1.0000E+00  0.0000E+00  2.4370E+01  3.7481E-01  0.0000E+00  3.7481E-01  1.0014E+00 -6.2656E-01 -5.2009E-01
  2.0000E+00  4.4000E+00  0.0000E+00  0.0000E+00  7.2400E+01  0.0000E+00  0.0000E+00  0.0000E+00  0.0000E+00
  2.0000E+00  0.0000E+00  2.7000E-01  6.0091E+00  0.0000E+00  6.0091E+00  4.2137E+00  1.7954E+00  1.8825E-01
  2.0000E+00  0.0000E+00  5.2000E-01  8.4326E+00  0.0000E+00  8.4326E+00  5.9561E+00  2.4765E+00  3.2334E-01
  2.0000E+00  0.0000E+00  1.0000E+00  1.0016E+01  0.0000E+00  1.0016E+01  6.9975E+00  3.0185E+00  1.7160E+00
  2.0000E+00  0.0000E+00  1.9200E+00  9.2322E+00  0.0000E+00  9.2322E+00  6.8683E+00  2.3639E+00  4.4772E-01
  2.0000E+00  0.0000E+00  3.5000E+00  7.2044E+00  0.0000E+00  7.2044E+00  6.0607E+00  1.1437E+00 -1.8176E+00
  2.0000E+00  0.0000E+00  5.0200E+00  6.8228E+00  0.0000E+00  6.8228E+00  5.3512E+00  1.4716E+00 -2.7252E-01
  2.0000E+00  0.0000E+00  7.0300E+00  6.3805E+00  0.0000E+00  6.3805E+00  4.5385E+00  1.8420E+00  7.0140E-01
  2.0000E+00  0.0000E+00  9.0000E+00  5.8173E+00  0.0000E+00  5.8173E+00  3.8620E+00  1.9553E+00  1.3251E+00
  2.0000E+00  0.0000E+00  1.2000E+01  4.6699E+00  0.0000E+00  4.6699E+00  3.0203E+00  1.6496E+00  1.1805E+00
  2.0000E+00  0.0000E+00  2.4300E+01  1.6060E+00  0.0000E+00  1.6060E+00  1.1023E+00  5.0367E-01  1.1487E-01
  3.0000E+00  4.5300E+00  0.0000E+00  0.0000E+00  7.0500E+01  0.0000E+00  0.0000E+00  0.0000E+00  0.0000E+00
  3.0000E+00  0.0000E+00  2.7000E-01  2.2104E+00  0.0000E+00  2.2104E+00  4.3382E+00 -2.1278E+00 -3.8158E-01
  3.0000E+00  0.0000E+00  5.8000E-01  3.5211E+00  0.0000E+00  3.5211E+00  6.3864E+00 -2.8653E+00 -1.6116E+00
  3.0000E+00  0.0000E+00  1.0200E+00  4.8073E+00  0.0000E+00  4.8073E+00  7.2174E+00 -2.4101E+00  5.6417E-01
  3.0000E+00  0.0000E+00  2.0200E+00  4.8421E+00  0.0000E+00  4.8421E+00  7.0212E+00 -2.1791E+00 -1.7021E-02
  3.0000E+00  0.0000E+00  3.6200E+00  4.1886E+00  0.0000E+00  4.1886E+00  6.1788E+00 -1.9902E+00 -1.4198E-01
  3.0000E+00  0.0000E+00  5.0800E+00  3.5662E+00  0.0000E+00  3.5662E+00  5.4822E+00 -1.9160E+00 -4.8659E-01
  3.0000E+00  0.0000E+00  7.0700E+00  2.9823E+00  0.0000E+00  2.9823E+00  4.6573E+00 -1.6750E+00 -5.4194E-01
  3.0000E+00  0.0000E+00  9.0000E+00  2.6137E+00  0.0000E+00  2.6137E+00  3.9761E+00 -1.3624E+00 -2.6906E-01
  3.0000E+00  0.0000E+00  1.2150E+01  2.0003E+00  0.0000E+00  2.0003E+00  3.0715E+00 -1.0712E+00 -6.2687E-01
  3.0000E+00  0.0000E+00  2.4170E+01  1.0225E+00  0.0000E+00  1.0225E+00  1.1471E+00 -1.2455E-01  4.0524E-01
  4.0000E+00  4.4000E+00  0.0000E+00  0.0000E+00  7.2700E+01  0.0000E+00  0.0000E+00  0.0000E+00  0.0000E+00
  4.0000E+00  0.0000E+00  3.5000E-01  6.2842E+00  0.0000E+00  6.2842E+00  4.9263E+00  1.3579E+00  1.3020E+00
  4.0000E+00  0.0000E+00  6.0000E-01  7.4645E+00  0.0000E+00  7.4645E+00  6.2751E+00  1.1894E+00 -2.7736E-01
  4.0000E+00  0.0000E+00  1.0700E+00  7.9898E+00  0.0000E+00  7.9898E+00  7.0362E+00  9.5357E-01 -2.2221E-01
  4.0000E+00  0.0000E+00  2.1300E+00  7.5195E+00  0.0000E+00  7.5195E+00  6.7645E+00  7.5498E-01 -8.1520E-02
  4.0000E+00  0.0000E+00  3.5000E+00  6.7043E+00  0.0000E+00  6.7043E+00  6.0607E+00  6.4364E-01 -5.1298E-01
  4.0000E+00  0.0000E+00  5.0200E+00  6.7391E+00  0.0000E+00  6.7391E+00  5.3512E+00  1.3879E+00  2.9104E+00
  4.0000E+00  0.0000E+00  7.0200E+00  4.4431E+00  0.0000E+00  4.4431E+00  4.5423E+00 -9.9162E-02 -1.0483E+00
  4.0000E+00  0.0000E+00  9.0200E+00  3.4402E+00  0.0000E+00  3.4402E+00  3.8556E+00 -4.1544E-01 -6.1671E-01
  4.0000E+00  0.0000E+00  1.1980E+01  2.2938E+00  0.0000E+00  2.2938E+00  3.0252E+00 -7.3141E-01 -1.1499E+00
  4.0000E+00  0.0000E+00  2.4650E+01  6.0296E-01  0.0000E+00  6.0296E-01  1.0712E+00 -4.6820E-01 -3.6214E-01
  5.0000E+00  5.8600E+00  0.0000E+00  0.0000E+00  5.4600E+01  0.0000E+00  0.0000E+00  0.0000E+00  0.0000E+00
  5.0000E+00  0.0000E+00  3.0000E-01  7.9422E+00  0.0000E+00  7.9422E+00  5.9957E+00  1.9465E+00  2.8143E-01
  5.0000E+00  0.0000E+00  5.2000E-01  1.0500E+01  0.0000E+00  1.0500E+01  7.9324E+00  2.5676E+00  2.0476E-01
  5.0000E+00  0.0000E+00  1.0000E+00  1.2348E+01  0.0000E+00  1.2348E+01  9.3194E+00  3.0286E+00  7.7098E-02
  5.0000E+00  0.0000E+00  2.0200E+00  1.2403E+01  0.0000E+00  1.2403E+01  9.0826E+00  3.3204E+00  8.6429E-01
  5.0000E+00  0.0000E+00  3.5000E+00  1.1035E+01  0.0000E+00  1.1035E+01  8.0717E+00  2.9633E+00  1.1610E+00
  5.0000E+00  0.0000E+00  5.0200E+00  8.7997E+00  0.0000E+00  8.7997E+00  7.1268E+00  1.6729E+00 -1.2455E+00
  5.0000E+00  0.0000E+00  7.0200E+00  8.2956E+00  0.0000E+00  8.2956E+00  6.0495E+00  2.2461E+00  1.8662E+00
  5.0000E+00  0.0000E+00  9.1000E+00  6.0581E+00  0.0000E+00  6.0581E+00  5.1015E+00  9.5664E-01 -1.0113E+00
  5.0000E+00  0.0000E+00  1.2000E+01  4.8200E+00  0.0000E+00  4.8200E+00  4.0224E+00  7.9757E-01 -2.5033E-01
  5.0000E+00  0.0000E+00  2.4350E+01  2.1394E+00  0.0000E+00  2.1394E+00  1.4621E+00  6.7730E-01  1.2405E+00
  6.0000E+00  4.0000E+00  0.0000E+00  0.0000E+00  8.0000E+01  0.0000E+00  0.0000E+00  0.0000E+00  0.0000E+00
  6.0000E+00  0.0000E+00  2.7000E-01  3.9388E+00  0.0000E+00  3.9388E+00  3.8306E+00  1.0816E-01 -1.2802E-01
  6.0000E+00  0.0000E+00  5.8000E-01  5.9626E+00  0.0000E+00  5.9626E+00  5.6392E+00  3.2335E-01 -4.9523E-01
  6.0000E+00  0.0000E+00  1.1500E+00  7.2484E+00  0.0000E+00  7.2484E+00  6.4206E+00  8.2783E-01  8.6243E-01
  6.0000E+00  0.0000E+00  2.0300E+00  6.8761E+00  0.0000E+00  6.8761E+00  6.1952E+00  6.8089E-01  1.0875E-01
  6.0000E+00  0.0000E+00  3.5700E+00  5.9437E+00  0.0000E+00  5.9437E+00  5.4782E+00  4.6547E-01 -1.3222E-01
  6.0000E+00  0.0000E+00  5.0000E+00  5.3776E+00  0.0000E+00  5.3776E+00  4.8727E+00  5.0493E-01  5.2490E-01
  6.0000E+00  0.0000E+00  7.0000E+00  4.3564E+00  0.0000E+00  4.3564E+00  4.1361E+00  2.2030E-01  1.4890E-01
  6.0000E+00  0.0000E+00  9.2200E+00  3.2771E+00  0.0000E+00  3.2771E+00  3.4481E+00 -1.7105E-01 -1.1132E+00
  6.0000E+00  0.0000E+00  1.2100E+01  2.8545E+00  0.0000E+00  2.8545E+00  2.7233E+00  1.3122E-01  7.1390E-01
  6.0000E+00  0.0000E+00  2.3850E+01  8.2916E-01  0.0000E+00  8.2916E-01  1.0398E+00 -2.1060E-01 -5.6579E-01
  7.0000E+00  4.9500E+00  0.0000E+00  0.0000E+00  6.4600E+01  0.0000E+00  0.0000E+00  0.0000E+00  0.0000E+00
  7.0000E+00  0.0000E+00  2.5000E-01  5.2564E+00  0.0000E+00  5.2564E+00  4.5070E+00  7.4945E-01 -1.1320E+00
  7.0000E+00  0.0000E+00  5.0000E-01  8.4603E+00  0.0000E+00  8.4603E+00  6.5949E+00  1.8654E+00 -2.0532E-01
  7.0000E+00  0.0000E+00  1.0200E+00  1.1283E+01  0.0000E+00  1.1283E+01  7.8865E+00  3.3965E+00  1.1683E+00
  7.0000E+00  0.0000E+00  2.0200E+00  1.1191E+01  0.0000E+00  1.1191E+01  7.6721E+00  3.5189E+00  1.6976E-01
  7.0000E+00  0.0000E+00  3.4800E+00  1.0312E+01  0.0000E+00  1.0312E+01  6.8294E+00  3.4826E+00  4.0769E-01
  7.0000E+00  0.0000E+00  5.0000E+00  9.7122E+00  0.0000E+00  9.7122E+00  6.0299E+00  3.6823E+00  1.8256E+00
  7.0000E+00  0.0000E+00  6.9800E+00  7.8306E+00  0.0000E+00  7.8306E+00  5.1268E+00  2.7038E+00 -3.4477E-01
  7.0000E+00  0.0000E+00  9.0000E+00  7.1630E+00  0.0000E+00  7.1630E+00  4.3447E+00  2.8183E+00  1.5621E+00
  7.0000E+00  0.0000E+00  1.2050E+01  5.3994E+00  0.0000E+00  5.3994E+00  3.3839E+00  2.0155E+00  2.7437E-01
  7.0000E+00  0.0000E+00  2.4220E+01  2.1817E+00  0.0000E+00  2.1817E+00  1.2483E+00  9.3342E-01  7.7010E-01
  8.0000E+00  4.5300E+00  0.0000E+00  0.0000E+00  7.0500E+01  0.0000E+00  0.0000E+00  0.0000E+00  0.0000E+00
  8.0000E+00  0.0000E+00  2.5000E-01  2.1904E+00  0.0000E+00  2.1904E+00  4.1245E+00 -1.9341E+00 -6.6698E-01
  8.0000E+00  0.0000E+00  5.2000E-01  3.6833E+00  0.0000E+00  3.6833E+00  6.1320E+00 -2.4487E+00 -6.7695E-01
  8.0000E+00  0.0000E+00  9.8000E-01  4.7070E+00  0.0000E+00  4.7070E+00  7.1896E+00 -2.4826E+00 -1.6336E+00
  8.0000E+00  0.0000E+00  2.0200E+00  5.7720E+00  0.0000E+00  5.7720E+00  7.0212E+00 -1.2492E+00  2.6388E-01
  8.0000E+00  0.0000E+00  3.5300E+00  5.9233E+00  0.0000E+00  5.9233E+00  6.2244E+00 -3.0113E-01  1.6486E+00
  8.0000E+00  0.0000E+00  5.0500E+00  4.6567E+00  0.0000E+00  4.6567E+00  5.4957E+00 -8.3904E-01 -1.1702E+00
  8.0000E+00  0.0000E+00  7.1500E+00  4.5146E+00  0.0000E+00  4.5146E+00  4.6269E+00 -1.1231E-01  5.6832E-01
  8.0000E+00  0.0000E+00  9.0700E+00  3.9921E+00  0.0000E+00  3.9921E+00  3.9533E+00  3.8777E-02  2.5830E-01
  8.0000E+00  0.0000E+00  1.2100E+01  3.3349E+00  0.0000E+00  3.3349E+00  3.0841E+00  2.5078E-01  6.2174E-01
  8.0000E+00  0.0000E+00  2.4120E+01  1.1822E+00  0.0000E+00  1.1822E+00  1.1518E+00  3.0438E-02 -6.7172E-01
  9.0000E+00  3.1000E+00  0.0000E+00  0.0000E+00  8.6400E+01  0.0000E+00  0.0000E+00  0.0000E+00  0.0000E+00
  9.0000E+00  0.0000E+00  3.0000E-01  9.9303E+00  0.0000E+00  9.9303E+00  3.1718E+00  6.7585E+00  3.1730E+00
  9.0000E+00  0.0000E+00  6.3000E-01  1.3053E+01  0.0000E+00  1.3053E+01  4.4908E+00  8.5622E+00  2.1586E+00
  9.0000E+00  0.0000E+00  1.0500E+00  1.3620E+01  0.0000E+00  1.3620E+01  4.9507E+00  8.6693E+00  1.5972E+00
  9.0000E+00  0.0000E+00  2.0200E+00  1.2549E+01  0.0000E+00  1.2549E+01  4.8048E+00  7.7442E+00  2.8009E-01
  9.0000E+00  0.0000E+00  3.5300E+00  1.1629E+01  0.0000E+00  1.1629E+01  4.2595E+00  7.3695E+00  3.2502E+00
  9.0000E+00  0.0000E+00  5.0200E+00  9.7911E+00  0.0000E+00  9.7911E+00  3.7701E+00  6.0210E+00  1.3845E+00
  9.0000E+00  0.0000E+00  7.1700E+00  7.4425E+00  0.0000E+00  7.4425E+00  3.1611E+00  4.2814E+00 -1.9919E+00
  9.0000E+00  0.0000E+00  8.8000E+00  7.1564E+00  0.0000E+00  7.1564E+00  2.7659E+00  4.3905E+00  2.2677E+00
  9.0000E+00  0.0000E+00  1.1600E+01  5.9261E+00  0.0000E+00  5.9261E+00  2.1988E+00  3.7273E+00  2.8361E+00
  9.0000E+00  0.0000E+00  2.4430E+01  1.9427E+00  0.0000E+00  1.9427E+00  7.6841E-01  1.1743E+00  1.5506E+00
  1.0000E+01  5.5000E+00  0.0000E+00  0.0000E+00  5.8200E+01  0.0000E+00  0.0000E+00  0.0000E+00  0.0000E+00
  1.0000E+01  0.0000E+00  3.7000E-01  1.2612E+01  0.0000E+00  1.2612E+01  6.3480E+00  6.2640E+00  1.5915E+00
  1.0000E+01  0.0000E+00  7.7000E-01  1.5998E+01  0.0000E+00  1.5998E+01  8.3989E+00  7.5991E+00 -7.2129E-02
  1.0000E+01  0.0000E+00  1.0200E+00  1.6878E+01  0.0000E+00  1.6878E+01  8.7628E+00  8.1152E+00  1.5210E+00
  1.0000E+01  0.0000E+00  2.0500E+00  1.6550E+01  0.0000E+00  1.6550E+01  8.5060E+00  8.0440E+00  2.8703E+00
  1.0000E+01  0.0000E+00  3.5500E+00  1.3346E+01  0.0000E+00  1.3346E+01  7.5449E+00  5.8011E+00  1.7831E+00
  1.0000E+01  0.0000E+00  5.0500E+00  9.5547E+00  0.0000E+00  9.5547E+00  6.6725E+00  2.8822E+00 -1.7525E+00
  1.0000E+01  0.0000E+00  7.0800E+00  7.2651E+00  0.0000E+00  7.2651E+00  5.6500E+00  1.6151E+00 -1.0684E+00
  1.0000E+01  0.0000E+00  9.3800E+00  5.5303E+00  0.0000E+00  5.5303E+00  4.6794E+00  8.5085E-01 -8.7234E-01
  1.0000E+01  0.0000E+00  1.2100E+01  4.2694E+00  0.0000E+00  4.2694E+00  3.7445E+00  5.2489E-01  4.1855E-02
  1.0000E+01  0.0000E+00  2.3700E+01  1.0851E+00  0.0000E+00  1.0851E+00  1.4474E+00 -3.6225E-01  2.3629E-01
  1.1000E+01  4.9200E+00  0.0000E+00  0.0000E+00  6.5000E+01  0.0000E+00  0.0000E+00  0.0000E+00  0.0000E+00
  1.1000E+01  0.0000E+00  2.5000E-01  3.9530E+00  0.0000E+00  3.9530E+00  4.4796E+00 -5.2664E-01  1.4645E+00
  1.1000E+01  0.0000E+00  5.0000E-01  4.8898E+00  0.0000E+00  4.8898E+00  6.5549E+00 -1.6651E+00 -1.4026E-01
  1.1000E+01  0.0000E+00  9.8000E-01  4.7975E+00  0.0000E+00  4.7975E+00  7.8086E+00 -3.0111E+00 -9.9610E-01
  1.1000E+01  0.0000E+00  1.9800E+00  4.3492E+00  0.0000E+00  4.3492E+00  7.6476E+00 -3.2984E+00 -5.2025E-01
  1.1000E+01  0.0000E+00  3.6000E+00  3.6879E+00  0.0000E+00  3.6879E+00  6.7217E+00 -3.0338E+00 -4.6025E-01
  1.1000E+01  0.0000E+00  5.0200E+00  3.0685E+00  0.0000E+00  3.0685E+00  5.9836E+00 -2.9151E+00 -9.3638E-01
  1.1000E+01  0.0000E+00  7.0300E+00  2.7141E+00  0.0000E+00  2.7141E+00  5.0749E+00 -2.3608E+00 -2.9298E-01
  1.1000E+01  0.0000E+00  9.0300E+00  2.2459E+00  0.0000E+00  2.2459E+00  4.3078E+00 -2.0619E+00 -3.1380E-01
  1.1000E+01  0.0000E+00  1.2120E+01  1.5277E+00  0.0000E+00  1.5277E+00  3.3442E+00 -1.8165E+00 -8.3711E-01
  1.1000E+01  0.0000E+00  2.4080E+01  4.7067E-01  0.0000E+00  4.7067E-01  1.2550E+00 -7.8436E-01 -6.4141E-01
  1.2000E+01  5.3000E+00  0.0000E+00  0.0000E+00  6.0500E+01  0.0000E+00  0.0000E+00  0.0000E+00  0.0000E+00
  1.2000E+01  0.0000E+00  2.5000E-01  9.1164E+00  0.0000E+00  9.1164E+00  4.8256E+00  4.2908E+00  2.0810E+00
  1.2000E+01  0.0000E+00  5.0000E-01  1.2408E+01  0.0000E+00  1.2408E+01  7.0612E+00  5.3468E+00 -1.1844E+00
  1.2000E+01  0.0000E+00  1.0000E+00  1.5370E+01  0.0000E+00  1.5370E+01  8.4288E+00  6.9412E+00  4.4761E+00
  1.2000E+01  0.0000E+00  2.0000E+00  1.2611E+01  0.0000E+00  1.2611E+01  8.2265E+00  4.3845E+00 -4.8904E-01
  1.2000E+01  0.0000E+00  3.5200E+00  9.9343E+00  0.0000E+00  9.9343E+00  7.2884E+00  2.6459E+00 -1.5118E+00
  1.2000E+01  0.0000E+00  5.0700E+00  9.0832E+00  0.0000E+00  9.0832E+00  6.4194E+00  2.6638E+00  8.0689E-01
  1.2000E+01  0.0000E+00  7.0700E+00  7.0738E+00  0.0000E+00  7.0738E+00  5.4490E+00  1.6248E+00 -4.9124E-01
  1.2000E+01  0.0000E+00  9.0300E+00  5.9459E+00  0.0000E+00  5.9459E+00  4.6405E+00  1.3054E+00  2.3707E-01
  1.2000E+01  0.0000E+00  1.2050E+01  4.2951E+00  0.0000E+00  4.2951E+00  3.6232E+00  6.7194E-01 -9.8022E-02
  1.2000E+01  0.0000E+00  2.4150E+01  1.2261E+00  0.0000E+00  1.2261E+00  1.3442E+00 -1.1813E-01  1.8445E-01
  1.0000E+00  4.0200E+00  0.0000E+00  0.0000E+00  7.9600E+01  0.0000E+00  0.0000E+00  0.0000E+00  0.0000E+00
  1.0000E+00  0.0000E+00  2.5000E-01  2.5500E+00  0.0000E+00  2.5500E+00  3.6602E+00 -1.1102E+00 -5.3350E-01
  1.0000E+00  0.0000E+00  5.7000E-01  4.2529E+00  0.0000E+00  4.2529E+00  5.6329E+00 -1.3800E+00 -6.6315E-01
  1.0000E+00  0.0000E+00  1.1200E+00  5.3435E+00  0.0000E+00  5.3435E+00  6.4454E+00 -1.1019E+00 -5.3529E-04
  1.0000E+00  0.0000E+00  2.0200E+00  5.4046E+00  0.0000E+00  5.4046E+00  6.2307E+00 -8.2612E-01  2.8392E-01
  1.0000E+00  0.0000E+00  3.8200E+00  4.5231E+00  0.0000E+00  4.5231E+00  5.3941E+00 -8.7099E-01 -6.2283E-01
  1.0000E+00  0.0000E+00  5.1000E+00  4.4904E+00  0.0000E+00  4.4904E+00  4.8571E+00 -3.6667E-01  1.5544E+00
  1.0000E+00  0.0000E+00  7.0300E+00  2.9664E+00  0.0000E+00  2.9664E+00  4.1466E+00 -1.1802E+00 -2.1263E+00
  1.0000E+00  0.0000E+00  9.0500E+00  2.9311E+00  0.0000E+00  2.9311E+00  3.5140E+00 -5.8290E-01  1.4697E-01
  1.0000E+00  0.0000E+00  1.2120E+01  2.4376E+00  0.0000E+00  2.4376E+00  2.7324E+00 -2.9482E-01  4.4358E-01
  1.0000E+00  0.0000E+00  2.4370E+01  7.6319E-01  0.0000E+00  7.6319E-01  1.0014E+00 -2.3818E-01 -5.3467E-01
  2.0000E+00  4.4000E+00  0.0000E+00  0.0000E+00  7.2400E+01  0.0000E+00  0.0000E+00  0.0000E+00  0.0000E+00
  2.0000E+00  0.0000E+00  2.7000E-01  3.4733E+00  0.0000E+00  3.4733E+00  4.2137E+00 -7.4040E-01 -4.8625E-01
  2.0000E+00  0.0000E+00  5.2000E-01  5.2474E+00  0.0000E+00  5.2474E+00  5.9561E+00 -7.0866E-01 -5.6317E-01
  2.0000E+00  0.0000E+00  1.0000E+00  6.6951E+00  0.0000E+00  6.6951E+00  6.9975E+00 -3.0241E-01 -2.4251E-01
  2.0000E+00  0.0000E+00  1.9200E+00  7.1828E+00  0.0000E+00  7.1828E+00  6.8683E+00  3.1449E-01  1.0160E+00
  2.0000E+00  0.0000E+00  3.5000E+00  6.0842E+00  0.0000E+00  6.0842E+00  6.0607E+00  2.3540E-02  2.3296E-01
  2.0000E+00  0.0000E+00  5.0200E+00  5.0628E+00  0.0000E+00  5.0628E+00  5.3512E+00 -2.8836E-01 -4.0410E-01
  2.0000E+00  0.0000E+00  7.0300E+00  4.1766E+00  0.0000E+00  4.1766E+00  4.5385E+00 -3.6194E-01 -6.1424E-01
  2.0000E+00  0.0000E+00  9.0000E+00  3.7922E+00  0.0000E+00  3.7922E+00  3.8620E+00 -6.9762E-02  4.7744E-01
  2.0000E+00  0.0000E+00  1.2000E+01  2.8941E+00  0.0000E+00  2.8941E+00  3.0203E+00 -1.2616E-01  2.8429E-01
  2.0000E+00  0.0000E+00  2.4300E+01  6.2868E-01  0.0000E+00  6.2868E-01  1.1023E+00 -4.7365E-01 -1.2020E+00
  3.0000E+00  4.5300E+00  0.0000E+00  0.0000E+00  7.0500E+01  0.0000E+00  0.0000E+00  0.0000E+00  0.0000E+00
  3.0000E+00  0.0000E+00  2.7000E-01  1.7383E+00  0.0000E+00  1.7383E+00  4.3382E+00 -2.5999E+00 -5.8116E-01
  3.0000E+00  0.0000E+00  5.8000E-01  2.6830E+00  0.0000E+00  2.6830E+00  6.3864E+00 -3.7034E+00 -3.2934E-01
  3.0000E+00  0.0000E+00  1.0200E+00  3.0485E+00  0.0000E+00  3.0485E+00  7.2174E+00 -4.1689E+00 -6.6463E-01
  3.0000E+00  0.0000E+00  2.0200E+00  3.0603E+00  0.0000E+00  3.0603E+00  7.0212E+00 -3.9609E+00 -5.7997E-01
  3.0000E+00  0.0000E+00  3.6200E+00  2.7525E+00  0.0000E+00  2.7525E+00  6.1788E+00 -3.4263E+00 -7.2080E-01
  3.0000E+00  0.0000E+00  5.0800E+00  2.6438E+00  0.0000E+00  2.6438E+00  5.4822E+00 -2.8384E+00 -2.5215E-01
  3.0000E+00  0.0000E+00  7.0700E+00  2.1969E+00  0.0000E+00  2.1969E+00  4.6573E+00 -2.4604E+00 -9.4922E-01
  3.0000E+00  0.0000E+00  9.0000E+00  2.0817E+00  0.0000E+00  2.0817E+00  3.9761E+00 -1.8944E+00 -9.0135E-01
  3.0000E+00  0.0000E+00  1.2150E+01  2.2963E+00  0.0000E+00  2.2963E+00  3.0715E+00 -7.7521E-01  7.1035E-01
  3.0000E+00  0.0000E+00  2.4170E+01  1.3083E+00  0.0000E+00  1.3083E+00  1.1471E+00  1.6125E-01  6.6370E-01
  4.0000E+00  4.4000E+00  0.0000E+00  0.0000E+00  7.2700E+01  0.0000E+00  0.0000E+00  0.0000E+00  0.0000E+00
  4.0000E+00  0.0000E+00  3.5000E-01  2.9107E+00  0.0000E+00  2.9107E+00  4.9263E+00 -2.0156E+00 -3.2573E-01
  4.0000E+00  0.0000E+00  6.0000E-01  3.6632E+00  0.0000E+00  3.6632E+00  6.2751E+00 -2.6119E+00  6.9690E-02
  4.0000E+00  0.0000E+00  1.0700E+00  3.8320E+00  0.0000E+00  3.8320E+00  7.0362E+00 -3.2042E+00 -7.3066E-01
  4.0000E+00  0.0000E+00  2.1300E+00  3.4295E+00  0.0000E+00  3.4295E+00  6.7645E+00 -3.3350E+00 -1.8101E+00
  4.0000E+00  0.0000E+00  3.5000E+00  4.0189E+00  0.0000E+00  4.0189E+00  6.0607E+00 -2.0418E+00  7.2592E-01
  4.0000E+00  0.0000E+00  5.0200E+00  3.7243E+00  0.0000E+00  3.7243E+00  5.3512E+00 -1.6269E+00  8.4474E-01
  4.0000E+00  0.0000E+00  7.0200E+00  2.5331E+00  0.0000E+00  2.5331E+00  4.5423E+00 -2.0092E+00 -1.5672E+00
  4.0000E+00  0.0000E+00  9.0200E+00  2.3398E+00  0.0000E+00  2.3398E+00  3.8556E+00 -1.5158E+00 -9.9043E-01
  4.0000E+00  0.0000E+00  1.1980E+01  2.4411E+00  0.0000E+00  2.4411E+00  3.0252E+00 -5.8411E-01  7.1806E-01
  4.0000E+00  0.0000E+00  2.4650E+01  1.1671E+00  0.0000E+00  1.1671E+00  1.0712E+00  9.5937E-02  3.9380E-01
  5.0000E+00  5.8600E+00  0.0000E+00  0.0000E+00  5.4600E+01  0.0000E+00  0.0000E+00  0.0000E+00  0.0000E+00
  5.0000E+00  0.0000E+00  3.0000E-01  5.4563E+00  0.0000E+00  5.4563E+00  5.9957E+00 -5.3942E-01 -2.0337E-01
  5.0000E+00  0.0000E+00  5.2000E-01  7.5239E+00  0.0000E+00  7.5239E+00  7.9324E+00 -4.0849E-01 -1.0098E+00
  5.0000E+00  0.0000E+00  1.0000E+00  9.7546E+00  0.0000E+00  9.7546E+00  9.3194E+00  4.3518E-01 -5.4765E-01
  5.0000E+00  0.0000E+00  2.0200E+00  1.1056E+01  0.0000E+00  1.1056E+01  9.0826E+00  1.9734E+00  1.6371E+00
  5.0000E+00  0.0000E+00  3.5000E+00  9.3626E+00  0.0000E+00  9.3626E+00  8.0717E+00  1.2909E+00 -1.1141E+00
  5.0000E+00  0.0000E+00  5.0200E+00  9.5115E+00  0.0000E+00  9.5115E+00  7.1268E+00  2.3847E+00  1.2822E+00
  5.0000E+00  0.0000E+00  7.0200E+00  8.3760E+00  0.0000E+00  8.3760E+00  6.0495E+00  2.3265E+00  3.7773E-01
  5.0000E+00  0.0000E+00  9.1000E+00  7.6521E+00  0.0000E+00  7.6521E+00  5.1015E+00  2.5506E+00  9.3336E-01
  5.0000E+00  0.0000E+00  1.2000E+01  6.5573E+00  0.0000E+00  6.5573E+00  4.0224E+00  2.5349E+00  1.1277E+00
  5.0000E+00  0.0000E+00  2.4350E+01  3.1208E+00  0.0000E+00  3.1208E+00  1.4621E+00  1.6587E+00  1.3944E+00
  6.0000E+00  4.0000E+00  0.0000E+00  0.0000E+00  8.0000E+01  0.0000E+00  0.0000E+00  0.0000E+00  0.0000E+00
  6.0000E+00  0.0000E+00  2.7000E-01  4.3446E+00  0.0000E+00  4.3446E+00  3.8306E+00  5.1396E-01  5.6229E-01
  6.0000E+00  0.0000E+00  5.8000E-01  6.1736E+00  0.0000E+00  6.1736E+00  5.6392E+00  5.3435E-01 -2.5444E-01
  6.0000E+00  0.0000E+00  1.1500E+00  7.0085E+00  0.0000E+00  7.0085E+00  6.4206E+00  5.8793E-01  3.0300E-01
  6.0000E+00  0.0000E+00  2.0300E+00  6.7381E+00  0.0000E+00  6.7381E+00  6.1952E+00  5.4289E-01  7.5515E-01
  6.0000E+00  0.0000E+00  3.5700E+00  5.3241E+00  0.0000E+00  5.3241E+00  5.4782E+00 -1.5413E-01 -8.6677E-01
  6.0000E+00  0.0000E+00  5.0000E+00  4.7153E+00  0.0000E+00  4.7153E+00  4.8727E+00 -1.5737E-01 -4.8522E-01
  6.0000E+00  0.0000E+00  7.0000E+00  4.2397E+00  0.0000E+00  4.2397E+00  4.1361E+00  1.0360E-01  7.9461E-01
  6.0000E+00  0.0000E+00  9.2200E+00  3.2460E+00  0.0000E+00  3.2460E+00  3.4481E+00 -2.0215E-01 -2.2617E-02
  6.0000E+00  0.0000E+00  1.2100E+01  2.2226E+00  0.0000E+00  2.2226E+00  2.7233E+00 -5.0068E-01 -7.8183E-01
  6.0000E+00  0.0000E+00  2.3850E+01  6.0668E-01  0.0000E+00  6.0668E-01  1.0398E+00 -4.3308E-01 -6.1764E-01
  7.0000E+00  4.9500E+00  0.0000E+00  0.0000E+00  6.4600E+01  0.0000E+00  0.0000E+00  0.0000E+00  0.0000E+00
  7.0000E+00  0.0000E+00  2.5000E-01  1.7366E+00  0.0000E+00  1.7366E+00  4.5070E+00 -2.7704E+00 -4.2389E-01
  7.0000E+00  0.0000E+00  5.0000E-01  2.6421E+00  0.0000E+00  2.6421E+00  6.5949E+00 -3.9528E+00 -5.3345E-01
  7.0000E+00  0.0000E+00  1.0200E+00  3.1762E+00  0.0000E+00  3.1762E+00  7.8865E+00 -4.7103E+00 -1.3367E+00
  7.0000E+00  0.0000E+00  2.0200E+00  3.4913E+00  0.0000E+00  3.4913E+00  7.6721E+00 -4.1808E+00 -7.4254E-01
  7.0000E+00  0.0000E+00  3.4800E+00  3.5748E+00  0.0000E+00  3.5748E+00  6.8294E+00 -3.2546E+00 -2.4712E-01
  7.0000E+00  0.0000E+00  5.0000E+00  3.5578E+00  0.0000E+00  3.5578E+00  6.0299E+00 -2.4721E+00  4.8415E-01
  7.0000E+00  0.0000E+00  6.9800E+00  2.7862E+00  0.0000E+00  2.7862E+00  5.1268E+00 -2.3406E+00 -8.9275E-01
  7.0000E+00  0.0000E+00  9.0000E+00  2.7667E+00  0.0000E+00  2.7667E+00  4.3447E+00 -1.5780E+00  6.1050E-01
  7.0000E+00  0.0000E+00  1.2050E+01  1.8844E+00  0.0000E+00  1.8844E+00  3.3839E+00 -1.4995E+00 -7.2432E-01
  7.0000E+00  0.0000E+00  2.4220E+01  5.8423E-01  0.0000E+00  5.8423E-01  1.2483E+00 -6.6405E-01 -1.0602E+00
  8.0000E+00  4.5300E+00  0.0000E+00  0.0000E+00  7.0500E+01  0.0000E+00  0.0000E+00  0.0000E+00  0.0000E+00
  8.0000E+00  0.0000E+00  2.5000E-01  4.9398E+00  0.0000E+00  4.9398E+00  4.1245E+00  8.1526E-01  1.4616E-01
  8.0000E+00  0.0000E+00  5.2000E-01  7.1816E+00  0.0000E+00  7.1816E+00  6.1320E+00  1.0496E+00  7.9242E-01
  8.0000E+00  0.0000E+00  9.8000E-01  7.9999E+00  0.0000E+00  7.9999E+00  7.1896E+00  8.1028E-01  1.5050E-01
  8.0000E+00  0.0000E+00  2.0200E+00  7.5241E+00  0.0000E+00  7.5241E+00  7.0212E+00  5.0292E-01  4.0395E-02
  8.0000E+00  0.0000E+00  3.5300E+00  6.4943E+00  0.0000E+00  6.4943E+00  6.2244E+00  2.6987E-01 -2.2603E-01
  8.0000E+00  0.0000E+00  5.0500E+00  5.7882E+00  0.0000E+00  5.7882E+00  5.4957E+00  2.9246E-01  4.4959E-01
  8.0000E+00  0.0000E+00  7.1500E+00  4.2018E+00  0.0000E+00  4.2018E+00  4.6269E+00 -4.2511E-01 -2.1962E+00
  8.0000E+00  0.0000E+00  9.0700E+00  4.3511E+00  0.0000E+00  4.3511E+00  3.9533E+00  3.9778E-01  6.2951E-01
  8.0000E+00  0.0000E+00  1.2100E+01  3.8115E+00  0.0000E+00  3.8115E+00  3.0841E+00  7.2738E-01  1.0684E+00
  8.0000E+00  0.0000E+00  2.4120E+01  1.6863E+00  0.0000E+00  1.6863E+00  1.1518E+00  5.3454E-01  9.5727E-01
  9.0000E+00  3.1000E+00  0.0000E+00  0.0000E+00  8.6400E+01  0.0000E+00  0.0000E+00  0.0000E+00  0.0000E+00
  9.0000E+00  0.0000E+00  3.0000E-01  7.9264E+00  0.0000E+00  7.9264E+00  3.1718E+00  4.7546E+00  4.4779E+00
  9.0000E+00  0.0000E+00  6.3000E-01  9.2701E+00  0.0000E+00  9.2701E+00  4.4908E+00  4.7793E+00  2.0972E+00
  9.0000E+00  0.0000E+00  1.0500E+00  8.7008E+00  0.0000E+00  8.7008E+00  4.9507E+00  3.7501E+00  1.1047E+00
  9.0000E+00  0.0000E+00  2.0200E+00  6.9137E+00  0.0000E+00  6.9137E+00  4.8048E+00  2.1089E+00 -7.7467E-01
  9.0000E+00  0.0000E+00  3.5300E+00  5.5146E+00  0.0000E+00  5.5146E+00  4.2595E+00  1.2551E+00 -7.5829E-01
  9.0000E+00  0.0000E+00  5.0200E+00  4.4410E+00  0.0000E+00  4.4410E+00  3.7701E+00  6.7086E-01 -1.5750E+00
  9.0000E+00  0.0000E+00  7.1700E+00  3.7782E+00  0.0000E+00  3.7782E+00  3.1611E+00  6.1707E-01 -2.5838E-01
  9.0000E+00  0.0000E+00  8.8000E+00  3.2859E+00  0.0000E+00  3.2859E+00  2.7659E+00  5.2001E-01 -1.9440E-01
  9.0000E+00  0.0000E+00  1.1600E+01  2.6976E+00  0.0000E+00  2.6976E+00  2.1988E+00  4.9879E-01  8.8343E-01
  9.0000E+00  0.0000E+00  2.4430E+01  6.7670E-01  0.0000E+00  6.7670E-01  7.6841E-01 -9.1712E-02  1.3130E-01
  1.0000E+01  5.5000E+00  0.0000E+00  0.0000E+00  5.8200E+01  0.0000E+00  0.0000E+00  0.0000E+00  0.0000E+00
  1.0000E+01  0.0000E+00  3.7000E-01  7.2829E+00  0.0000E+00  7.2829E+00  6.3480E+00  9.3495E-01  1.2055E+00
  1.0000E+01  0.0000E+00  7.7000E-01  8.7294E+00  0.0000E+00  8.7294E+00  8.3989E+00  3.3049E-01 -3.3358E-01
  1.0000E+01  0.0000E+00  1.0200E+00  8.7017E+00  0.0000E+00  8.7017E+00  8.7628E+00 -6.1126E-02 -1.4518E+00
  1.0000E+01  0.0000E+00  2.0500E+00  8.8767E+00  0.0000E+00  8.8767E+00  8.5060E+00  3.7071E-01 -3.3913E-01
  1.0000E+01  0.0000E+00  3.5500E+00  8.9337E+00  0.0000E+00  8.9337E+00  7.5449E+00  1.3888E+00  1.5885E+00
  1.0000E+01  0.0000E+00  5.0500E+00  7.4601E+00  0.0000E+00  7.4601E+00  6.6725E+00  7.8757E-01 -4.2082E-01
  1.0000E+01  0.0000E+00  7.0800E+00  6.6342E+00  0.0000E+00  6.6342E+00  5.6500E+00  9.8422E-01  1.6645E-02
  1.0000E+01  0.0000E+00  9.3800E+00  6.2276E+00  0.0000E+00  6.2276E+00  4.6794E+00  1.5482E+00  2.1493E+00
  1.0000E+01  0.0000E+00  1.2100E+01  4.3928E+00  0.0000E+00  4.3928E+00  3.7445E+00  6.4829E-01 -1.1545E-02
  1.0000E+01  0.0000E+00  2.3700E+01  9.6001E-01  0.0000E+00  9.6001E-01  1.4474E+00 -4.8734E-01 -1.8852E+00
  1.1000E+01  4.9200E+00  0.0000E+00  0.0000E+00  6.5000E+01  0.0000E+00  0.0000E+00  0.0000E+00  0.0000E+00
  1.1000E+01  0.0000E+00  2.5000E-01  5.8959E+00  0.0000E+00  5.8959E+00  4.4796E+00  1.4163E+00 -1.5846E+00
  1.1000E+01  0.0000E+00  5.0000E-01  9.6980E+00  0.0000E+00  9.6980E+00  6.5549E+00  3.1431E+00  1.1729E+00
  1.1000E+01  0.0000E+00  9.8000E-01  1.2065E+01  0.0000E+00  1.2065E+01  7.8086E+00  4.2564E+00 -8.2230E-01
  1.1000E+01  0.0000E+00  1.9800E+00  1.3335E+01  0.0000E+00  1.3335E+01  7.6476E+00  5.6874E+00  2.3498E+00
  1.1000E+01  0.0000E+00  3.6000E+00  1.1541E+01  0.0000E+00  1.1541E+01  6.7217E+00  4.8193E+00  1.2967E+00
  1.1000E+01  0.0000E+00  5.0200E+00  9.9408E+00  0.0000E+00  9.9408E+00  5.9836E+00  3.9572E+00  6.8775E-01
  1.1000E+01  0.0000E+00  7.0300E+00  8.0250E+00  0.0000E+00  8.0250E+00  5.0749E+00  2.9501E+00 -3.3939E-01
  1.1000E+01  0.0000E+00  9.0300E+00  7.2544E+00  0.0000E+00  7.2544E+00  4.3078E+00  2.9466E+00  2.0018E+00
  1.1000E+01  0.0000E+00  1.2120E+01  4.9223E+00  0.0000E+00  4.9223E+00  3.3442E+00  1.5781E+00 -1.9939E-01
  1.1000E+01  0.0000E+00  2.4080E+01  1.2791E+00  0.0000E+00  1.2791E+00  1.2550E+00  2.4073E-02 -8.6910E-01
  1.2000E+01  5.3000E+00  0.0000E+00  0.0000E+00  6.0500E+01  0.0000E+00  0.0000E+00  0.0000E+00  0.0000E+00
  1.2000E+01  0.0000E+00  2.5000E-01  6.8135E+00  0.0000E+00  6.8135E+00  4.8256E+00  1.9879E+00  2.1199E+00
  1.2000E+01  0.0000E+00  5.0000E-01  8.8970E+00  0.0000E+00  8.8970E+00  7.0612E+00  1.8358E+00 -8.8173E-01
  1.2000E+01  0.0000E+00  1.0000E+00  1.0266E+01  0.0000E+00  1.0266E+01  8.4288E+00  1.8372E+00  1.1883E+00
  1.2000E+01  0.0000E+00  2.0000E+00  9.0774E+00  0.0000E+00  9.0774E+00  8.2265E+00  8.5090E-01 -1.9727E-01
  1.2000E+01  0.0000E+00  3.5200E+00  7.5587E+00  0.0000E+00  7.5587E+00  7.2884E+00  2.7029E-01 -7.3410E-01
  1.2000E+01  0.0000E+00  5.0700E+00  6.8785E+00  0.0000E+00  6.8785E+00  6.4194E+00  4.5914E-01  6.6027E-01
  1.2000E+01  0.0000E+00  7.0700E+00  4.9596E+00  0.0000E+00  4.9596E+00  5.4490E+00 -4.8939E-01 -2.0960E+00
  1.2000E+01  0.0000E+00  9.0300E+00  4.9159E+00  0.0000E+00  4.9159E+00  4.6405E+00  2.7541E-01  1.6973E-01
  1.2000E+01  0.0000E+00  1.2050E+01  4.5392E+00  0.0000E+00  4.5392E+00  3.6232E+00  9.1604E-01  2.0616E+00
  1.2000E+01  0.0000E+00  2.4150E+01  1.0899E+00  0.0000E+00  1.0899E+00  1.3442E+00 -2.5433E-01 -1.0012E+00
  1.0000E+00  4.0200E+00  0.0000E+00  0.0000E+00  7.9600E+01  0.0000E+00  0.0000E+00  0.0000E+00  0.0000E+00
  1.0000E+00  0.0000E+00  2.5000E-01  3.6766E+00  0.0000E+00  3.6766E+00  3.6602E+00  1.6409E-02  1.5679E+00
  1.0000E+00  0.0000E+00  5.7000E-01  5.1044E+00  0.0000E+00  5.1044E+00  5.6329E+00 -5.2849E-01 -2.4267E+00
  1.0000E+00  0.0000E+00  1.1200E+00  6.5671E+00  0.0000E+00  6.5671E+00  6.4454E+00  1.2167E-01  1.2280E+00
  1.0000E+00  0.0000E+00  2.0200E+00  6.3087E+00  0.0000E+00  6.3087E+00  6.2307E+00  7.7985E-02  6.0577E-01
  1.0000E+00  0.0000E+00  3.8200E+00  5.0343E+00  0.0000E+00  5.0343E+00  5.3941E+00 -3.5979E-01 -3.8391E-01
  1.0000E+00  0.0000E+00  5.1000E+00  4.4837E+00  0.0000E+00  4.4837E+00  4.8571E+00 -3.7337E-01 -8.8166E-02
  1.0000E+00  0.0000E+00  7.0300E+00  3.7482E+00  0.0000E+00  3.7482E+00  4.1466E+00 -3.9838E-01  3.1850E-01
  1.0000E+00  0.0000E+00  9.0500E+00  2.6687E+00  0.0000E+00  2.6687E+00  3.5140E+00 -8.4530E-01 -1.6627E+00
  1.0000E+00  0.0000E+00  1.2120E+01  2.3425E+00  0.0000E+00  2.3425E+00  2.7324E+00 -3.8992E-01  1.1560E-01
  1.0000E+00  0.0000E+00  2.4370E+01  9.2888E-01  0.0000E+00  9.2888E-01  1.0014E+00 -7.2488E-02  3.5404E-01
  2.0000E+00  4.4000E+00  0.0000E+00  0.0000E+00  7.2400E+01  0.0000E+00  0.0000E+00  0.0000E+00  0.0000E+00
  2.0000E+00  0.0000E+00  2.7000E-01  5.4398E+00  0.0000E+00  5.4398E+00  4.2137E+00  1.2261E+00  6.8949E-01
  2.0000E+00  0.0000E+00  5.2000E-01  7.3899E+00  0.0000E+00  7.3899E+00  5.9561E+00  1.4338E+00  1.0670E-01
  2.0000E+00  0.0000E+00  1.0000E+00  8.5099E+00  0.0000E+00  8.5099E+00  6.9975E+00  1.5124E+00  8.7790E-01
  2.0000E+00  0.0000E+00  1.9200E+00  7.9606E+00  0.0000E+00  7.9606E+00  6.8683E+00  1.0923E+00  6.6173E-01
  2.0000E+00  0.0000E+00  3.5000E+00  6.1075E+00  0.0000E+00  6.1075E+00  6.0607E+00  4.6840E-02 -1.2459E+00
  2.0000E+00  0.0000E+00  5.0200E+00  5.4861E+00  0.0000E+00  5.4861E+00  5.3512E+00  1.3494E-01 -1.8650E-01
  2.0000E+00  0.0000E+00  7.0300E+00  4.7001E+00  0.0000E+00  4.7001E+00  4.5385E+00  1.6156E-01  3.4026E-01
  2.0000E+00  0.0000E+00  9.0000E+00  3.7853E+00  0.0000E+00  3.7853E+00  3.8620E+00 -7.6662E-02 -4.4377E-03
  2.0000E+00  0.0000E+00  1.2000E+01  2.5535E+00  0.0000E+00  2.5535E+00  3.0203E+00 -4.6676E-01 -1.1860E+00
  2.0000E+00  0.0000E+00  2.4300E+01  1.1318E+00  0.0000E+00  1.1318E+00  1.1023E+00  2.9471E-02  8.7822E-01
  3.0000E+00  4.5300E+00  0.0000E+00  0.0000E+00  7.0500E+01  0.0000E+00  0.0000E+00  0.0000E+00  0.0000E+00
  3.0000E+00  0.0000E+00  2.7000E-01  3.3077E+00  0.0000E+00  3.3077E+00  4.3382E+00 -1.0305E+00 -4.0291E-01
  3.0000E+00  0.0000E+00  5.8000E-01  5.0669E+00  0.0000E+00  5.0669E+00  6.3864E+00 -1.3195E+00 -4.1456E-01
  3.0000E+00  0.0000E+00  1.0200E+00  5.9651E+00  0.0000E+00  5.9651E+00  7.2174E+00 -1.2523E+00 -1.2180E-01
  3.0000E+00  0.0000E+00  2.0200E+00  5.8509E+00  0.0000E+00  5.8509E+00  7.0212E+00 -1.1703E+00 -6.9507E-01
  3.0000E+00  0.0000E+00  3.6200E+00  5.5208E+00  0.0000E+00  5.5208E+00  6.1788E+00 -6.5796E-01 -5.1475E-01
  3.0000E+00  0.0000E+00  5.0800E+00  5.6432E+00  0.0000E+00  5.6432E+00  5.4822E+00  1.6096E-01  1.3479E+00
  3.0000E+00  0.0000E+00  7.0700E+00  4.5528E+00  0.0000E+00  4.5528E+00  4.6573E+00 -1.0454E-01 -6.0116E-01
  3.0000E+00  0.0000E+00  9.0000E+00  4.2340E+00  0.0000E+00  4.2340E+00  3.9761E+00  2.5793E-01  1.0137E-01
  3.0000E+00  0.0000E+00  1.2150E+01  3.9008E+00  0.0000E+00  3.9008E+00  3.0715E+00  8.2929E-01  1.8839E+00
  3.0000E+00  0.0000E+00  2.4170E+01  1.1089E+00  0.0000E+00  1.1089E+00  1.1471E+00 -3.8153E-02 -1.2375E+00
  4.0000E+00  4.4000E+00  0.0000E+00  0.0000E+00  7.2700E+01  0.0000E+00  0.0000E+00  0.0000E+00  0.0000E+00
  4.0000E+00  0.0000E+00  3.5000E-01  2.8086E+00  0.0000E+00  2.8086E+00  4.9263E+00 -2.1177E+00 -2.4140E-01
  4.0000E+00  0.0000E+00  6.0000E-01  3.5554E+00  0.0000E+00  3.5554E+00  6.2751E+00 -2.7197E+00 -9.3353E-01
  4.0000E+00  0.0000E+00  1.0700E+00  4.3546E+00  0.0000E+00  4.3546E+00  7.0362E+00 -2.6816E+00  7.8273E-01
  4.0000E+00  0.0000E+00  2.1300E+00  3.5919E+00  0.0000E+00  3.5919E+00  6.7645E+00 -3.1726E+00 -1.4429E+00
  4.0000E+00  0.0000E+00  3.5000E+00  3.5315E+00  0.0000E+00  3.5315E+00  6.0607E+00 -2.5292E+00 -2.0049E-01
  4.0000E+00  0.0000E+00  5.0200E+00  3.3030E+00  0.0000E+00  3.3030E+00  5.3512E+00 -2.0482E+00  6.2390E-01
  4.0000E+00  0.0000E+00  7.0200E+00  2.1335E+00  0.0000E+00  2.1335E+00  4.5423E+00 -2.4088E+00 -1.6823E+00
  4.0000E+00  0.0000E+00  9.0200E+00  2.0179E+00  0.0000E+00  2.0179E+00  3.8556E+00 -1.8377E+00 -4.0752E-01
  4.0000E+00  0.0000E+00  1.1980E+01  1.5911E+00  0.0000E+00  1.5911E+00  3.0252E+00 -1.4341E+00 -7.8844E-01
  4.0000E+00  0.0000E+00  2.4650E+01  9.3562E-01  0.0000E+00  9.3562E-01  1.0712E+00 -1.3554E-01  6.9243E-01
  5.0000E+00  5.8600E+00  0.0000E+00  0.0000E+00  5.4600E+01  0.0000E+00  0.0000E+00  0.0000E+00  0.0000E+00
  5.0000E+00  0.0000E+00  3.0000E-01  4.8101E+00  0.0000E+00  4.8101E+00  5.9957E+00 -1.1856E+00 -1.2152E-01
  5.0000E+00  0.0000E+00  5.2000E-01  6.4858E+00  0.0000E+00  6.4858E+00  7.9324E+00 -1.4466E+00 -6.4957E-01
  5.0000E+00  0.0000E+00  1.0000E+00  8.0011E+00  0.0000E+00  8.0011E+00  9.3194E+00 -1.3183E+00 -6.4773E-01
  5.0000E+00  0.0000E+00  2.0200E+00  8.5054E+00  0.0000E+00  8.5054E+00  9.0826E+00 -5.7718E-01  1.5233E-02
  5.0000E+00  0.0000E+00  3.5000E+00  8.2404E+00  0.0000E+00  8.2404E+00  8.0717E+00  1.6870E-01  8.8436E-01
  5.0000E+00  0.0000E+00  5.0200E+00  7.2171E+00  0.0000E+00  7.2171E+00  7.1268E+00  9.0328E-02  3.4647E-01
  5.0000E+00  0.0000E+00  7.0200E+00  5.9861E+00  0.0000E+00  5.9861E+00  6.0495E+00 -6.3368E-02  1.2552E-02
  5.0000E+00  0.0000E+00  9.1000E+00  4.9274E+00  0.0000E+00  4.9274E+00  5.1015E+00 -1.7406E-01 -3.6900E-01
  5.0000E+00  0.0000E+00  1.2000E+01  4.0240E+00  0.0000E+00  4.0240E+00  4.0224E+00  1.5666E-03 -9.0078E-02
  5.0000E+00  0.0000E+00  2.4350E+01  1.7699E+00  0.0000E+00  1.7699E+00  1.4621E+00  3.0780E-01  4.4897E-01
  6.0000E+00  4.0000E+00  0.0000E+00  0.0000E+00  8.0000E+01  0.0000E+00  0.0000E+00  0.0000E+00  0.0000E+00
  6.0000E+00  0.0000E+00  2.7000E-01  6.5366E+00  0.0000E+00  6.5366E+00  3.8306E+00  2.7060E+00  2.5239E+00
  6.0000E+00  0.0000E+00  5.8000E-01  8.5685E+00  0.0000E+00  8.5685E+00  5.6392E+00  2.9293E+00 -9.3139E-01
  6.0000E+00  0.0000E+00  1.1500E+00  9.5339E+00  0.0000E+00  9.5339E+00  6.4206E+00  3.1133E+00  9.2907E-01
  6.0000E+00  0.0000E+00  2.0300E+00  8.9633E+00  0.0000E+00  8.9633E+00  6.1952E+00  2.7681E+00  7.4054E-01
  6.0000E+00  0.0000E+00  3.5700E+00  7.4852E+00  0.0000E+00  7.4852E+00  5.4782E+00  2.0070E+00 -4.6346E-01
  6.0000E+00  0.0000E+00  5.0000E+00  6.8179E+00  0.0000E+00  6.8179E+00  4.8727E+00  1.9452E+00  5.6963E-01
  6.0000E+00  0.0000E+00  7.0000E+00  5.5960E+00  0.0000E+00  5.5960E+00  4.1361E+00  1.4599E+00 -2.9959E-01
  6.0000E+00  0.0000E+00  9.2200E+00  4.8873E+00  0.0000E+00  4.8873E+00  3.4481E+00  1.4392E+00  8.0311E-01
  6.0000E+00  0.0000E+00  1.2100E+01  3.8286E+00  0.0000E+00  3.8286E+00  2.7233E+00  1.1053E+00  6.8595E-01
  6.0000E+00  0.0000E+00  2.3850E+01  1.2265E+00  0.0000E+00  1.2265E+00  1.0398E+00  1.8674E-01 -1.8861E-01
  7.0000E+00  4.9500E+00  0.0000E+00  0.0000E+00  6.4600E+01  0.0000E+00  0.0000E+00  0.0000E+00  0.0000E+00
  7.0000E+00  0.0000E+00  2.5000E-01  5.3526E+00  0.0000E+00  5.3526E+00  4.5070E+00  8.4565E-01  3.3952E-01
  7.0000E+00  0.0000E+00  5.0000E-01  7.8803E+00  0.0000E+00  7.8803E+00  6.5949E+00  1.2854E+00 -8.7837E-01
  7.0000E+00  0.0000E+00  1.0200E+00  1.0025E+01  0.0000E+00  1.0025E+01  7.8865E+00  2.1385E+00  1.3230E-01
  7.0000E+00  0.0000E+00  2.0200E+00  1.0151E+01  0.0000E+00  1.0151E+01  7.6721E+00  2.4789E+00 -1.0275E-01
  7.0000E+00  0.0000E+00  3.4800E+00  9.7711E+00  0.0000E+00  9.7711E+00  6.8294E+00  2.9417E+00  6.4535E-01
  7.0000E+00  0.0000E+00  5.0000E+00  9.3460E+00  0.0000E+00  9.3460E+00  6.0299E+00  3.3161E+00  1.8156E+00
  7.0000E+00  0.0000E+00  6.9800E+00  7.9269E+00  0.0000E+00  7.9269E+00  5.1268E+00  2.8001E+00  1.1492E+00
  7.0000E+00  0.0000E+00  9.0000E+00  6.4393E+00  0.0000E+00  6.4393E+00  4.3447E+00  2.0946E+00 -2.6513E-02
  7.0000E+00  0.0000E+00  1.2050E+01  5.2137E+00  0.0000E+00  5.2137E+00  3.3839E+00  1.8298E+00  7.9906E-01
  7.0000E+00  0.0000E+00  2.4220E+01  1.8652E+00  0.0000E+00  1.8652E+00  1.2483E+00  6.1692E-01 -4.8120E-02
  8.0000E+00  4.5300E+00  0.0000E+00  0.0000E+00  7.0500E+01  0.0000E+00  0.0000E+00  0.0000E+00  0.0000E+00
  8.0000E+00  0.0000E+00  2.5000E-01  4.4937E+00  0.0000E+00  4.4937E+00  4.1245E+00  3.6916E-01 -4.1927E-01
  8.0000E+00  0.0000E+00  5.2000E-01  6.6813E+00  0.0000E+00  6.6813E+00  6.1320E+00  5.4926E-01  1.6128E+00
  8.0000E+00  0.0000E+00  9.8000E-01  7.0890E+00  0.0000E+00  7.0890E+00  7.1896E+00 -1.0062E-01 -3.0621E-01
  8.0000E+00  0.0000E+00  2.0200E+00  6.4589E+00  0.0000E+00  6.4589E+00  7.0212E+00 -5.6228E-01 -3.7911E-01
  8.0000E+00  0.0000E+00  3.5300E+00  5.5865E+00  0.0000E+00  5.5865E+00  6.2244E+00 -6.3793E-01 -8.1984E-02
  8.0000E+00  0.0000E+00  5.0500E+00  4.7572E+00  0.0000E+00  4.7572E+00  5.4957E+00 -7.3854E-01 -4.5116E-03
  8.0000E+00  0.0000E+00  7.1500E+00  3.5771E+00  0.0000E+00  3.5771E+00  4.6269E+00 -1.0498E+00 -6.4606E-01
  8.0000E+00  0.0000E+00  9.0700E+00  2.8101E+00  0.0000E+00  2.8101E+00  3.9533E+00 -1.1432E+00 -1.1056E+00
  8.0000E+00  0.0000E+00  1.2100E+01  2.3547E+00  0.0000E+00  2.3547E+00  3.0841E+00 -7.2942E-01  1.0404E-01
  8.0000E+00  0.0000E+00  2.4120E+01  6.9724E-01  0.0000E+00  6.9724E-01  1.1518E+00 -4.5452E-01 -3.0706E-01
  9.0000E+00  3.1000E+00  0.0000E+00  0.0000E+00  8.6400E+01  0.0000E+00  0.0000E+00  0.0000E+00  0.0000E+00
  9.0000E+00  0.0000E+00  3.0000E-01  5.6986E+00  0.0000E+00  5.6986E+00  3.1718E+00  2.5268E+00  1.5093E+00
  9.0000E+00  0.0000E+00  6.3000E-01  7.6878E+00  0.0000E+00  7.6878E+00  4.4908E+00  3.1970E+00  2.5019E-02
  9.0000E+00  0.0000E+00  1.0500E+00  8.3273E+00  0.0000E+00  8.3273E+00  4.9507E+00  3.3766E+00 -6.3192E-02
  9.0000E+00  0.0000E+00  2.0200E+00  8.3001E+00  0.0000E+00  8.3001E+00  4.8048E+00  3.4953E+00  1.1059E+00
  9.0000E+00  0.0000E+00  3.5300E+00  7.4877E+00  0.0000E+00  7.4877E+00  4.2595E+00  3.2282E+00  1.4970E+00
  9.0000E+00  0.0000E+00  5.0200E+00  6.5232E+00  0.0000E+00  6.5232E+00  3.7701E+00  2.7531E+00  1.5008E+00
  9.0000E+00  0.0000E+00  7.1700E+00  5.0091E+00  0.0000E+00  5.0091E+00  3.1611E+00  1.8480E+00  5.0984E-01
  9.0000E+00  0.0000E+00  8.8000E+00  4.1033E+00  0.0000E+00  4.1033E+00  2.7659E+00  1.3374E+00  5.3741E-01
  9.0000E+00  0.0000E+00  1.1600E+01  2.5607E+00  0.0000E+00  2.5607E+00  2.1988E+00  3.6189E-01 -1.9966E+00
  9.0000E+00  0.0000E+00  2.4430E+01  7.9201E-01  0.0000E+00  7.9201E-01  7.6841E-01  2.3598E-02  3.4818E-01
  1.0000E+01  5.5000E+00  0.0000E+00  0.0000E+00  5.8200E+01  0.0000E+00  0.0000E+00  0.0000E+00  0.0000E+00
  1.0000E+01  0.0000E+00  3.7000E-01  8.3285E+00  0.0000E+00  8.3285E+00  6.3480E+00  1.9805E+00  5.9099E-01
  1.0000E+01  0.0000E+00  7.7000E-01  1.0674E+01  0.0000E+00  1.0674E+01  8.3989E+00  2.2751E+00  9.3850E-01
  1.0000E+01  0.0000E+00  1.0200E+00  1.0575E+01  0.0000E+00  1.0575E+01  8.7628E+00  1.8122E+00 -1.3619E+00
  1.0000E+01  0.0000E+00  2.0500E+00  1.0803E+01  0.0000E+00  1.0803E+01  8.5060E+00  2.2970E+00  4.0736E-01
  1.0000E+01  0.0000E+00  3.5500E+00  9.7737E+00  0.0000E+00  9.7737E+00  7.5449E+00  2.2288E+00 -3.9921E-01
  1.0000E+01  0.0000E+00  5.0500E+00  9.5753E+00  0.0000E+00  9.5753E+00  6.6725E+00  2.9028E+00  1.1395E+00
  1.0000E+01  0.0000E+00  7.0800E+00  8.5914E+00  0.0000E+00  8.5914E+00  5.6500E+00  2.9414E+00  1.4509E+00
  1.0000E+01  0.0000E+00  9.3800E+00  6.7955E+00  0.0000E+00  6.7955E+00  4.6794E+00  2.1161E+00 -8.6630E-01
  1.0000E+01  0.0000E+00  1.2100E+01  6.5084E+00  0.0000E+00  6.5084E+00  3.7445E+00  2.7639E+00  2.3225E+00
  1.0000E+01  0.0000E+00  2.3700E+01  2.6925E+00  0.0000E+00  2.6925E+00  1.4474E+00  1.2451E+00  5.6874E-01
  1.1000E+01  4.9200E+00  0.0000E+00  0.0000E+00  6.5000E+01  0.0000E+00  0.0000E+00  0.0000E+00  0.0000E+00
  1.1000E+01  0.0000E+00  2.5000E-01  2.5717E+00  0.0000E+00  2.5717E+00  4.4796E+00 -1.9079E+00  4.0285E-01
  1.1000E+01  0.0000E+00  5.0000E-01  3.7969E+00  0.0000E+00  3.7969E+00  6.5549E+00 -2.7580E+00 -1.6659E+00
  1.1000E+01  0.0000E+00  9.8000E-01  5.0310E+00  0.0000E+00  5.0310E+00  7.8086E+00 -2.7776E+00 -2.1057E+00
  1.1000E+01  0.0000E+00  1.9800E+00  6.5619E+00  0.0000E+00  6.5619E+00  7.6476E+00 -1.0857E+00  4.8144E-01
  1.1000E+01  0.0000E+00  3.6000E+00  7.0407E+00  0.0000E+00  7.0407E+00  6.7217E+00  3.1900E-01  2.3380E+00
  1.1000E+01  0.0000E+00  5.0200E+00  5.6996E+00  0.0000E+00  5.6996E+00  5.9836E+00 -2.8397E-01 -2.8398E-01
  1.1000E+01  0.0000E+00  7.0300E+00  5.0110E+00  0.0000E+00  5.0110E+00  5.0749E+00 -6.3915E-02  6.4858E-01
  1.1000E+01  0.0000E+00  9.0300E+00  3.8565E+00  0.0000E+00  3.8565E+00  4.3078E+00 -4.5127E-01 -1.1561E+00
  1.1000E+01  0.0000E+00  1.2120E+01  3.4813E+00  0.0000E+00  3.4813E+00  3.3442E+00  1.3715E-01  6.3870E-01
  1.1000E+01  0.0000E+00  2.4080E+01  1.3375E+00  0.0000E+00  1.3375E+00  1.2550E+00  8.2473E-02 -3.7508E-01
  1.2000E+01  5.3000E+00  0.0000E+00  0.0000E+00  6.0500E+01  0.0000E+00  0.0000E+00  0.0000E+00  0.0000E+00
  1.2000E+01  0.0000E+00  2.5000E-01  5.5977E+00  0.0000E+00  5.5977E+00  4.8256E+00  7.7207E-01  1.6689E+00
  1.2000E+01  0.0000E+00  5.0000E-01  7.1893E+00  0.0000E+00  7.1893E+00  7.0612E+00  1.2808E-01 -1.9110E-01
  1.2000E+01  0.0000E+00  1.0000E+00  7.6234E+00  0.0000E+00  7.6234E+00  8.4288E+00 -8.0542E-01 -7.3272E-01
  1.2000E+01  0.0000E+00  2.0000E+00  7.4114E+00  0.0000E+00  7.4114E+00  8.2265E+00 -8.1510E-01 -2.3909E-01
  1.2000E+01  0.0000E+00  3.5200E+00  6.8313E+00  0.0000E+00  6.8313E+00  7.2884E+00 -4.5711E-01 -3.5158E-01
  1.2000E+01  0.0000E+00  5.0700E+00  6.2349E+00  0.0000E+00  6.2349E+00  6.4194E+00 -1.8446E-01 -1.0361E+00
  1.2000E+01  0.0000E+00  7.0700E+00  6.4946E+00  0.0000E+00  6.4946E+00  5.4490E+00  1.0456E+00  9.3007E-01
  1.2000E+01  0.0000E+00  9.0300E+00  6.0725E+00  0.0000E+00  6.0725E+00  4.6405E+00  1.4320E+00  9.0365E-01
  1.2000E+01  0.0000E+00  1.2050E+01  5.2017E+00  0.0000E+00  5.2017E+00  3.6232E+00  1.5785E+00  3.3999E-01
  1.2000E+01  0.0000E+00  2.4150E+01  3.4594E+00  0.0000E+00  3.4594E+00  1.3442E+00  2.1152E+00  3.2338E+00
  1.0000E+00  4.0200E+00  0.0000E+00  0.0000E+00  7.9600E+01  0.0000E+00  0.0000E+00  0.0000E+00  0.0000E+00
  1.0000E+00  0.0000E+00  2.5000E-01  4.3865E+00  0.0000E+00  4.3865E+00  3.6602E+00  7.2631E-01  1.0459E+00
  1.0000E+00  0.0000E+00  5.7000E-01  6.1822E+00  0.0000E+00  6.1822E+00  5.6329E+00  5.4931E-01  9.6012E-02
  1.0000E+00  0.0000E+00  1.1200E+00  6.5919E+00  0.0000E+00  6.5919E+00  6.4454E+00  1.4647E-01 -1.5962E-01
  1.0000E+00  0.0000E+00  2.0200E+00  6.2131E+00  0.0000E+00  6.2131E+00  6.2307E+00 -1.7615E-02  3.5395E-02
  1.0000E+00  0.0000E+00  3.8200E+00  5.3655E+00  0.0000E+00  5.3655E+00  5.3941E+00 -2.8591E-02  8.3148E-01
  1.0000E+00  0.0000E+00  5.1000E+00  4.2462E+00  0.0000E+00  4.2462E+00  4.8571E+00 -6.1087E-01 -8.3977E-01
  1.0000E+00  0.0000E+00  7.0300E+00  3.2476E+00  0.0000E+00  3.2476E+00  4.1466E+00 -8.9898E-01 -1.7539E+00
  1.0000E+00  0.0000E+00  9.0500E+00  3.2916E+00  0.0000E+00  3.2916E+00  3.5140E+00 -2.2240E-01  1.2397E+00
  1.0000E+00  0.0000E+00  1.2120E+01  2.1258E+00  0.0000E+00  2.1258E+00  2.7324E+00 -6.0662E-01 -9.6355E-01
  1.0000E+00  0.0000E+00  2.4370E+01  7.9384E-01  0.0000E+00  7.9384E-01  1.0014E+00 -2.0753E-01  1.5110E-01
  2.0000E+00  4.4000E+00  0.0000E+00  0.0000E+00  7.2400E+01  0.0000E+00  0.0000E+00  0.0000E+00  0.0000E+00
  2.0000E+00  0.0000E+00  2.7000E-01  5.8254E+00  0.0000E+00  5.8254E+00  4.2137E+00  1.6117E+00 -1.5035E+00
  2.0000E+00  0.0000E+00  5.2000E-01  9.1452E+00  0.0000E+00  9.1452E+00  5.9561E+00  3.1891E+00  7.0844E-01
  2.0000E+00  0.0000E+00  1.0000E+00  1.1601E+01  0.0000E+00  1.1601E+01  6.9975E+00  4.6035E+00  1.0440E+00
  2.0000E+00  0.0000E+00  1.9200E+00  1.2025E+01  0.0000E+00  1.2025E+01  6.8683E+00  5.1567E+00  2.2896E+00
  2.0000E+00  0.0000E+00  3.5000E+00  9.7119E+00  0.0000E+00  9.7119E+00  6.0607E+00  3.6512E+00 -4.5387E-01
  2.0000E+00  0.0000E+00  5.0200E+00  8.9061E+00  0.0000E+00  8.9061E+00  5.3512E+00  3.5549E+00  1.8358E+00
  2.0000E+00  0.0000E+00  7.0300E+00  6.5226E+00  0.0000E+00  6.5226E+00  4.5385E+00  1.9841E+00 -1.8891E+00
  2.0000E+00  0.0000E+00  9.0000E+00  6.1387E+00  0.0000E+00  6.1387E+00  3.8620E+00  2.2767E+00  9.1641E-01
  2.0000E+00  0.0000E+00  1.2000E+01  5.0650E+00  0.0000E+00  5.0650E+00  3.0203E+00  2.0447E+00  1.5832E+00
  2.0000E+00  0.0000E+00  2.4300E+01  1.5993E+00  0.0000E+00  1.5993E+00  1.1023E+00  4.9697E-01  1.8170E-01
  3.0000E+00  4.5300E+00  0.0000E+00  0.0000E+00  7.0500E+01  0.0000E+00  0.0000E+00  0.0000E+00  0.0000E+00
  3.0000E+00  0.0000E+00  2.7000E-01  2.8813E+00  0.0000E+00  2.8813E+00  4.3382E+00 -1.4569E+00 -2.3396E-01
  3.0000E+00  0.0000E+00  5.8000E-01  4.2909E+00  0.0000E+00  4.2909E+00  6.3864E+00 -2.0955E+00 -2.2711E-01
  3.0000E+00  0.0000E+00  1.0200E+00  4.7801E+00  0.0000E+00  4.7801E+00  7.2174E+00 -2.4373E+00 -1.0471E+00
  3.0000E+00  0.0000E+00  2.0200E+00  5.0750E+00  0.0000E+00  5.0750E+00  7.0212E+00 -1.9462E+00 -1.7142E-01
  3.0000E+00  0.0000E+00  3.6200E+00  4.7040E+00  0.0000E+00  4.7040E+00  6.1788E+00 -1.4748E+00 -4.8620E-01
  3.0000E+00  0.0000E+00  5.0800E+00  4.6557E+00  0.0000E+00  4.6557E+00  5.4822E+00 -8.2654E-01  3.9291E-01
  3.0000E+00  0.0000E+00  7.0700E+00  4.1766E+00  0.0000E+00  4.1766E+00  4.6573E+00 -4.8074E-01  2.6399E-01
  3.0000E+00  0.0000E+00  9.0000E+00  3.6750E+00  0.0000E+00  3.6750E+00  3.9761E+00 -3.0107E-01  1.1640E-01
  3.0000E+00  0.0000E+00  1.2150E+01  2.9503E+00  0.0000E+00  2.9503E+00  3.0715E+00 -1.2121E-01 -2.4514E-01
  3.0000E+00  0.0000E+00  2.4170E+01  1.6157E+00  0.0000E+00  1.6157E+00  1.1471E+00  4.6865E-01  9.0100E-01
  4.0000E+00  4.4000E+00  0.0000E+00  0.0000E+00  7.2700E+01  0.0000E+00  0.0000E+00  0.0000E+00  0.0000E+00
  4.0000E+00  0.0000E+00  3.5000E-01  5.6297E+00  0.0000E+00  5.6297E+00  4.9263E+00  7.0336E-01  8.2839E-02
  4.0000E+00  0.0000E+00  6.0000E-01  7.1753E+00  0.0000E+00  7.1753E+00  6.2751E+00  9.0024E-01  6.6047E-01
  4.0000E+00  0.0000E+00  1.0700E+00  7.7139E+00  0.0000E+00  7.7139E+00  7.0362E+00  6.7767E-01 -6.7997E-01
  4.0000E+00  0.0000E+00  2.1300E+00  7.7451E+00  0.0000E+00  7.7451E+00  6.7645E+00  9.8058E-01  9.0229E-01
  4.0000E+00  0.0000E+00  3.5000E+00  6.6741E+00  0.0000E+00  6.6741E+00  6.0607E+00  6.1344E-01  2.6252E-01
  4.0000E+00  0.0000E+00  5.0200E+00  5.7046E+00  0.0000E+00  5.7046E+00  5.3512E+00  3.5344E-01  5.7216E-01
  4.0000E+00  0.0000E+00  7.0200E+00  4.0893E+00  0.0000E+00  4.0893E+00  4.5423E+00 -4.5296E-01 -1.2361E+00
  4.0000E+00  0.0000E+00  9.0200E+00  3.4542E+00  0.0000E+00  3.4542E+00  3.8556E+00 -4.0144E-01 -3.3169E-01
  4.0000E+00  0.0000E+00  1.1980E+01  2.5873E+00  0.0000E+00  2.5873E+00  3.0252E+00 -4.3791E-01 -3.2913E-01
  4.0000E+00  0.0000E+00  2.4650E+01  7.3624E-01  0.0000E+00  7.3624E-01  1.0712E+00 -3.3492E-01 -2.1722E-01
  5.0000E+00  5.8600E+00  0.0000E+00  0.0000E+00  5.4600E+01  0.0000E+00  0.0000E+00  0.0000E+00  0.0000E+00
  5.0000E+00  0.0000E+00  3.0000E-01  8.2680E+00  0.0000E+00  8.2680E+00  5.9957E+00  2.2723E+00  1.9235E-01
  5.0000E+00  0.0000E+00  5.2000E-01  1.0739E+01  0.0000E+00  1.0739E+01  7.9324E+00  2.8066E+00  2.0853E+00
  5.0000E+00  0.0000E+00  1.0000E+00  1.1081E+01  0.0000E+00  1.1081E+01  9.3194E+00  1.7616E+00 -1.0709E+00
  5.0000E+00  0.0000E+00  2.0200E+00  1.0966E+01  0.0000E+00  1.0966E+01  9.0826E+00  1.8834E+00  1.3510E+00
  5.0000E+00  0.0000E+00  3.5000E+00  8.2545E+00  0.0000E+00  8.2545E+00  8.0717E+00  1.8280E-01 -2.0269E+00
  5.0000E+00  0.0000E+00  5.0200E+00  7.8334E+00  0.0000E+00  7.8334E+00  7.1268E+00  7.0663E-01 -5.3187E-01
  5.0000E+00  0.0000E+00  7.0200E+00  7.4948E+00  0.0000E+00  7.4948E+00  6.0495E+00  1.4453E+00  7.3889E-01
  5.0000E+00  0.0000E+00  9.1000E+00  6.7933E+00  0.0000E+00  6.7933E+00  5.1015E+00  1.6918E+00  1.4909E+00
  5.0000E+00  0.0000E+00  1.2000E+01  5.0981E+00  0.0000E+00  5.0981E+00  4.0224E+00  1.0757E+00  3.9830E-01
  5.0000E+00  0.0000E+00  2.4350E+01  1.5097E+00  0.0000E+00  1.5097E+00  1.4621E+00  4.7601E-02 -5.7966E-01
  6.0000E+00  4.0000E+00  0.0000E+00  0.0000E+00  8.0000E+01  0.0000E+00  0.0000E+00  0.0000E+00  0.0000E+00
  6.0000E+00  0.0000E+00  2.7000E-01  2.8934E+00  0.0000E+00  2.8934E+00  3.8306E+00 -9.3724E-01 -3.0528E-01
  6.0000E+00  0.0000E+00  5.8000E-01  4.5417E+00  0.0000E+00  4.5417E+00  5.6392E+00 -1.0975E+00 -1.0161E+00
  6.0000E+00  0.0000E+00  1.1500E+00  5.7404E+00  0.0000E+00  5.7404E+00  6.4206E+00 -6.8017E-01 -7.1328E-01
  6.0000E+00  0.0000E+00  2.0300E+00  6.3152E+00  0.0000E+00  6.3152E+00  6.1952E+00  1.1999E-01  7.5225E-01
  6.0000E+00  0.0000E+00  3.5700E+00  6.0170E+00  0.0000E+00  6.0170E+00  5.4782E+00  5.3877E-01  1.1605E+00
  6.0000E+00  0.0000E+00  5.0000E+00  5.1820E+00  0.0000E+00  5.1820E+00  4.8727E+00  3.0933E-01  1.1918E-01
  6.0000E+00  0.0000E+00  7.0000E+00  4.2981E+00  0.0000E+00  4.2981E+00  4.1361E+00  1.6200E-01 -5.4061E-01
  6.0000E+00  0.0000E+00  9.2200E+00  3.8898E+00  0.0000E+00  3.8898E+00  3.4481E+00  4.4165E-01  4.2784E-01
  6.0000E+00  0.0000E+00  1.2100E+01  3.1457E+00  0.0000E+00  3.1457E+00  2.7233E+00  4.2242E-01 -2.7875E-01
  6.0000E+00  0.0000E+00  2.3850E+01  1.8681E+00  0.0000E+00  1.8681E+00  1.0398E+00  8.2834E-01  1.8289E+00
  7.0000E+00  4.9500E+00  0.0000E+00  0.0000E+00  6.4600E+01  0.0000E+00  0.0000E+00  0.0000E+00  0.0000E+00
  7.0000E+00  0.0000E+00  2.5000E-01  6.5404E+00  0.0000E+00  6.5404E+00  4.5070E+00  2.0334E+00  4.1145E-01
  7.0000E+00  0.0000E+00  5.0000E-01  9.5226E+00  0.0000E+00  9.5226E+00  6.5949E+00  2.9277E+00  3.1527E-01
  7.0000E+00  0.0000E+00  1.0200E+00  1.1236E+01  0.0000E+00  1.1236E+01  7.8865E+00  3.3495E+00 -6.9551E-01
  7.0000E+00  0.0000E+00  2.0200E+00  1.1665E+01  0.0000E+00  1.1665E+01  7.6721E+00  3.9929E+00  7.4310E-01
  7.0000E+00  0.0000E+00  3.4800E+00  1.0788E+01  0.0000E+00  1.0788E+01  6.8294E+00  3.9586E+00  3.5880E-01
  7.0000E+00  0.0000E+00  5.0000E+00  1.0253E+01  0.0000E+00  1.0253E+01  6.0299E+00  4.2231E+00  1.5177E+00
  7.0000E+00  0.0000E+00  6.9800E+00  8.8095E+00  0.0000E+00  8.8095E+00  5.1268E+00  3.6827E+00  1.4066E-01
  7.0000E+00  0.0000E+00  9.0000E+00  8.4655E+00  0.0000E+00  8.4655E+00  4.3447E+00  4.1208E+00  3.3303E+00
  7.0000E+00  0.0000E+00  1.2050E+01  5.8918E+00  0.0000E+00  5.8918E+00  3.3839E+00  2.5079E+00 -4.2742E-01
  7.0000E+00  0.0000E+00  2.4220E+01  2.5647E+00  0.0000E+00  2.5647E+00  1.2483E+00  1.3164E+00  1.0594E+00
  8.0000E+00  4.5300E+00  0.0000E+00  0.0000E+00  7.0500E+01  0.0000E+00  0.0000E+00  0.0000E+00  0.0000E+00
  8.0000E+00  0.0000E+00  2.5000E-01  2.6995E+00  0.0000E+00  2.6995E+00  4.1245E+00 -1.4250E+00 -9.9715E-01
  8.0000E+00  0.0000E+00  5.2000E-01  4.3534E+00  0.0000E+00  4.3534E+00  6.1320E+00 -1.7786E+00  3.7177E-01
  8.0000E+00  0.0000E+00  9.8000E-01  5.1623E+00  0.0000E+00  5.1623E+00  7.1896E+00 -2.0273E+00 -2.6780E-02
  8.0000E+00  0.0000E+00  2.0200E+00  4.9206E+00  0.0000E+00  4.9206E+00  7.0212E+00 -2.1006E+00 -3.7382E-01
  8.0000E+00  0.0000E+00  3.5300E+00  4.2418E+00  0.0000E+00  4.2418E+00  6.2244E+00 -1.9826E+00 -4.2360E-01
  8.0000E+00  0.0000E+00  5.0500E+00  3.5122E+00  0.0000E+00  3.5122E+00  5.4957E+00 -1.9835E+00 -1.4454E+00
  8.0000E+00  0.0000E+00  7.1500E+00  3.6303E+00  0.0000E+00  3.6303E+00  4.6269E+00 -9.9661E-01  6.3574E-01
  8.0000E+00  0.0000E+00  9.0700E+00  3.0168E+00  0.0000E+00  3.0168E+00  3.9533E+00 -9.3652E-01 -5.5500E-01
  8.0000E+00  0.0000E+00  1.2100E+01  2.7060E+00  0.0000E+00  2.7060E+00  3.0841E+00 -3.7812E-01  4.7808E-01
  8.0000E+00  0.0000E+00  2.4120E+01  1.1504E+00  0.0000E+00  1.1504E+00  1.1518E+00 -1.3620E-03  1.0370E-01
  9.0000E+00  3.1000E+00  0.0000E+00  0.0000E+00  8.6400E+01  0.0000E+00  0.0000E+00  0.0000E+00  0.0000E+00
  9.0000E+00  0.0000E+00  3.0000E-01  7.2557E+00  0.0000E+00  7.2557E+00  3.1718E+00  4.0839E+00  1.6561E+00
  9.0000E+00  0.0000E+00  6.3000E-01  9.6622E+00  0.0000E+00  9.6622E+00  4.4908E+00  5.1714E+00  2.5798E+00
  9.0000E+00  0.0000E+00  1.0500E+00  9.8986E+00  0.0000E+00  9.8986E+00  4.9507E+00  4.9479E+00  1.6945E+00
  9.0000E+00  0.0000E+00  2.0200E+00  8.7288E+00  0.0000E+00  8.7288E+00  4.8048E+00  3.9240E+00  1.3380E+00
  9.0000E+00  0.0000E+00  3.5300E+00  6.6689E+00  0.0000E+00  6.6689E+00  4.2595E+00  2.4094E+00 -1.9757E-01
  9.0000E+00  0.0000E+00  5.0200E+00  5.3616E+00  0.0000E+00  5.3616E+00  3.7701E+00  1.5915E+00  6.8072E-01
  9.0000E+00  0.0000E+00  7.1700E+00  3.1910E+00  0.0000E+00  3.1910E+00  3.1611E+00  2.9865E-02 -2.1577E+00
  9.0000E+00  0.0000E+00  8.8000E+00  2.3469E+00  0.0000E+00  2.3469E+00  2.7659E+00 -4.1899E-01 -2.1360E+00
  9.0000E+00  0.0000E+00  1.1600E+01  1.6684E+00  0.0000E+00  1.6684E+00  2.1988E+00 -5.3041E-01 -7.6876E-01
  9.0000E+00  0.0000E+00  2.4430E+01  1.4691E-01  0.0000E+00  1.4691E-01  7.6841E-01 -6.2150E-01  1.5775E-01
  1.0000E+01  5.5000E+00  0.0000E+00  0.0000E+00  5.8200E+01  0.0000E+00  0.0000E+00  0.0000E+00  0.0000E+00
  1.0000E+01  0.0000E+00  3.7000E-01  7.3648E+00  0.0000E+00  7.3648E+00  6.3480E+00  1.0168E+00 -1.0606E+00
  1.0000E+01  0.0000E+00  7.7000E-01  1.0974E+01  0.0000E+00  1.0974E+01  8.3989E+00  2.5751E+00  6.7402E-01
  1.0000E+01  0.0000E+00  1.0200E+00  1.1611E+01  0.0000E+00  1.1611E+01  8.7628E+00  2.8482E+00 -5.6563E-01
  1.0000E+01  0.0000E+00  2.0500E+00  1.2565E+01  0.0000E+00  1.2565E+01  8.5060E+00  4.0590E+00  1.3854E+00
  1.0000E+01  0.0000E+00  3.5500E+00  1.1290E+01  0.0000E+00  1.1290E+01  7.5449E+00  3.7451E+00  4.2959E-01
  1.0000E+01  0.0000E+00  5.0500E+00  1.0713E+01  0.0000E+00  1.0713E+01  6.6725E+00  4.0405E+00  2.2511E+00
  1.0000E+01  0.0000E+00  7.0800E+00  8.4038E+00  0.0000E+00  8.4038E+00  5.6500E+00  2.7538E+00  2.6446E-01
  1.0000E+01  0.0000E+00  9.3800E+00  6.5633E+00  0.0000E+00  6.5633E+00  4.6794E+00  1.8839E+00 -6.6102E-01
  1.0000E+01  0.0000E+00  1.2100E+01  5.4729E+00  0.0000E+00  5.4729E+00  3.7445E+00  1.7284E+00 -1.3996E-01
  1.0000E+01  0.0000E+00  2.3700E+01  3.0993E+00  0.0000E+00  3.0993E+00  1.4474E+00  1.6519E+00  2.5249E+00
  1.1000E+01  4.9200E+00  0.0000E+00  0.0000E+00  6.5000E+01  0.0000E+00  0.0000E+00  0.0000E+00  0.0000E+00
  1.1000E+01  0.0000E+00  2.5000E-01  3.3658E+00  0.0000E+00  3.3658E+00  4.4796E+00 -1.1138E+00 -6.4125E-01
  1.1000E+01  0.0000E+00  5.0000E-01  5.1922E+00  0.0000E+00  5.1922E+00  6.5549E+00 -1.3627E+00  9.6883E-03
  1.1000E+01  0.0000E+00  9.8000E-01  6.4339E+00  0.0000E+00  6.4339E+00  7.8086E+00 -1.3747E+00  3.9018E-01
  1.1000E+01  0.0000E+00  1.9800E+00  6.2024E+00  0.0000E+00  6.2024E+00  7.6476E+00 -1.4452E+00  4.7386E-01
  1.1000E+01  0.0000E+00  3.6000E+00  4.6398E+00  0.0000E+00  4.6398E+00  6.7217E+00 -2.0819E+00 -6.1224E-01
  1.1000E+01  0.0000E+00  5.0200E+00  3.5967E+00  0.0000E+00  3.5967E+00  5.9836E+00 -2.3869E+00 -1.4504E+00
  1.1000E+01  0.0000E+00  7.0300E+00  3.2146E+00  0.0000E+00  3.2146E+00  5.0749E+00 -1.8603E+00 -1.7607E-01
  1.1000E+01  0.0000E+00  9.0300E+00  2.5775E+00  0.0000E+00  2.5775E+00  4.3078E+00 -1.7303E+00 -3.5951E-01
  1.1000E+01  0.0000E+00  1.2120E+01  1.6979E+00  0.0000E+00  1.6979E+00  3.3442E+00 -1.6463E+00 -9.7662E-01
  1.1000E+01  0.0000E+00  2.4080E+01  5.5755E-01  0.0000E+00  5.5755E-01  1.2550E+00 -6.9748E-01 -2.3920E-01
  1.2000E+01  5.3000E+00  0.0000E+00  0.0000E+00  6.0500E+01  0.0000E+00  0.0000E+00  0.0000E+00  0.0000E+00
  1.2000E+01  0.0000E+00  2.5000E-01  3.2771E+00  0.0000E+00  3.2771E+00  4.8256E+00 -1.5485E+00 -8.3177E-01
  1.2000E+01  0.0000E+00  5.0000E-01  5.2012E+00  0.0000E+00  5.2012E+00  7.0612E+00 -1.8600E+00  2.9054E-01
  1.2000E+01  0.0000E+00  1.0000E+00  6.1620E+00  0.0000E+00  6.1620E+00  8.4288E+00 -2.2668E+00 -1.4599E+00
  1.2000E+01  0.0000E+00  2.0000E+00  6.8458E+00  0.0000E+00  6.8458E+00  8.2265E+00 -1.3807E+00  2.7623E-01
  1.2000E+01  0.0000E+00  3.5200E+00  6.1055E+00  0.0000E+00  6.1055E+00  7.2884E+00 -1.1829E+00 -6.3287E-01
  1.2000E+01  0.0000E+00  5.0700E+00  5.9248E+00  0.0000E+00  5.9248E+00  6.4194E+00 -4.9456E-01  2.2759E-02
  1.2000E+01  0.0000E+00  7.0700E+00  5.7660E+00  0.0000E+00  5.7660E+00  5.4490E+00  3.1701E-01  1.2617E+00
  1.2000E+01  0.0000E+00  9.0300E+00  4.8899E+00  0.0000E+00  4.8899E+00  4.6405E+00  2.4941E-01  5.5805E-01
  1.2000E+01  0.0000E+00  1.2050E+01  3.7414E+00  0.0000E+00  3.7414E+00  3.6232E+00  1.1824E-01  3.8447E-01
  1.2000E+01  0.0000E+00  2.4150E+01  8.3099E-01  0.0000E+00  8.3099E-01  1.3442E+00 -5.1324E-01 -1.7799E+00
