      1 100.00     0.          79.6     12    100      1 1
      1           4.0          79.6                    2 1
      1           8.0          79.6                    2 1
      1          12.0          79.6                    2 1
      1          16.0          79.6                    2 1
      1          20.0          79.6                    2 1
      1          24.0          79.6                    2 1
      1          28.0          79.6                    2 1
      1          32.0          79.6                    2 1
      1          36.0          79.6                    2 1
      1          40.0          79.6                    2 1
      1          44.0          79.6                    2 1
      1          48.0          79.6                    2 1
      1          52.0          79.6                    2 1
      1          56.0          79.6                    2 1
      1          60.0          79.6                    2 1
      1          64.0          79.6                    2 1
      1          68.0          79.6                    2 1
      1          72.0          79.6                    2 1
      1          76.0          79.6                    2 1
      1          80.0          79.6                    2 1
      1          84.0          79.6                    2 1
      1          88.0          79.6                    2 1
      1          92.0          79.6                    2 1
      1          96.0          79.6                    2 1
      1         100.0          79.6                    2 1
      1         104.0          79.6                    2 1
      1         108.0          79.6                    2 1
      1         112.0          79.6                    2 1
      1         116.0          79.6                    2 1
      1         120.0          79.6                    2 1
      1         124.0          79.6                    2 1
      1         128.0          79.6                    2 1
      1         132.0          79.6                    2 1
      1         136.0          79.6                    2 1
      1         140.0          79.6                    2 1
      1         144.0    100   79.6                    0 0
