TABLE NO.  1
 ID          TIME        EVID        MDV         DV          IPRED
  1.0000E+02  0.0000E+00  1.0000E+00  1.0000E+00  0.0000E+00  0.0000E+00
  1.0000E+02  5.0000E-01  0.0000E+00  0.0000E+00  3.4254E+00  3.4254E+00
  1.0000E+02  1.0000E+00  0.0000E+00  0.0000E+00  5.4711E+00  5.4711E+00
  1.0000E+02  2.0000E+00  0.0000E+00  0.0000E+00  7.3822E+00  7.3822E+00
  1.0000E+02  6.0000E+00  0.0000E+00  0.0000E+00  7.9463E+00  7.9463E+00
  1.0000E+02  2.4000E+01  0.0000E+00  0.0000E+00  5.6859E+00  5.6859E+00
  1.0000E+02  3.6000E+01  0.0000E+00  0.0000E+00  4.5402E+00  4.5402E+00
  1.0000E+02  7.2000E+01  0.0000E+00  0.0000E+00  2.3117E+00  2.3117E+00
  1.0000E+02  1.2000E+02  0.0000E+00  0.0000E+00  9.3987E-01  9.3987E-01
