CID TIME    AMT  RATE EVID MDV DV       TSTRAT   TMIN   TMAX 
1.0 0.0     1.0  0.0  1    1   0.0      0        0.05   130.0
1.0 0.5     0.0  0.0  0    0   1.0      1        0.05   130.0
1.0 1.0     0.0  0.0  0    0   1.0      2        0.05   130.0
1.0 2.0     0.0  0.0  0    0   1.0      3        0.05   130.0
1.0 6.0     0.0  0.0  0    0   1.0      4        0.05   130.0
1.0 24.0    0.0  0.0  0    0   1.0      5        0.05   130.0
1.0 36.0    0.0  0.0  0    0   1.0      6        0.05   130.0
1.0 72.0    0.0  0.0  0    0   1.0      7        0.05   130.0
1.0 120.0   0.0  0.0  0    0   1.0      8        0.05   130.0
