TABLE NO.  1
 ID                      TIME                    EVID                    MDV                     DV                      IPRED
  1.0000000000000000E+00  0.0000000000000000E+00  1.0000000000000000E+00  1.0000000000000000E+00  0.0000000000000000E+00  0.0000000000000000E+00
  1.0000000000000000E+00  8.5706674479090736E-02  0.0000000000000000E+00  0.0000000000000000E+00  7.1810963207019107E-01  7.1810963207019107E-01
  1.0000000000000000E+00  8.6321893851299306E-02  0.0000000000000000E+00  0.0000000000000000E+00  7.2304081477625848E-01  7.2304081477625848E-01
  1.0000000000000000E+00  6.6282878471978472E+00  0.0000000000000000E+00  0.0000000000000000E+00  7.8632716835762952E+00  7.8632716835762952E+00
  1.0000000000000000E+00  6.6775106991443653E+00  0.0000000000000000E+00  0.0000000000000000E+00  7.8565733135093385E+00  7.8565733135093385E+00
  1.0000000000000000E+00  6.6974150577760803E+00  0.0000000000000000E+00  0.0000000000000000E+00  7.8538587816397385E+00  7.8538587816397385E+00
  1.0000000000000000E+00  6.7083134516645391E+00  0.0000000000000000E+00  0.0000000000000000E+00  7.8523710835277418E+00  7.8523710835277418E+00
  1.0000000000000000E+00  1.2098327964778359E+02  0.0000000000000000E+00  0.0000000000000000E+00  9.2269662408375686E-01  9.2269662408375686E-01
  1.0000000000000000E+00  1.2099167138734492E+02  0.0000000000000000E+00  0.0000000000000000E+00  9.2255145369691771E-01  9.2255145369691771E-01
